race_date,stadium_number,race_number,race_closed_at,race_grade_number,race_title,boat_number,racer_number,racer_name,racer_class_number,racer_age,racer_weight,racer_flying_count,racer_late_count,racer_average_start_timing,racer_national_top_1_percent,racer_national_top_2_percent,racer_national_top_3_percent,racer_local_top_1_percent,racer_local_top_2_percent,racer_local_top_3_percent,racer_assigned_motor_top_2_percent,racer_assigned_motor_top_3_percent,racer_assigned_boat_top_2_percent,racer_assigned_boat_top_3_percent
2026-10-02,4,1,2026-10-02 10:55:00,4,マスターズリーグ第6戦 俺の生きる道杯,1,3793,高橋 真吾,3,53,57.6,0,0,0.16,4.31,27.55,40.82,3.52,7.41,25.93,33.33,47.37,34.85,53.03
2026-10-02,4,1,2026-10-02 10:55:00,4,マスターズリーグ第6戦 俺の生きる道杯,2,3878,胡本 悟志,3,49,51.5,0,0,0.17,4.25,17.58,35.16,5.45,18.18,54.55,35.19,48.15,50,65.15
2026-10-02,4,1,2026-10-02 10:55:00,4,マスターズリーグ第6戦 俺の生きる道杯,3,4027,松江 秀徳,2,48,54.6,1,0,0.16,5.34,32.56,51.16,5.76,36,60,14.81,35.19,43.24,56.76
2026-10-02,4,1,2026-10-02 10:55:00,4,マスターズリーグ第6戦 俺の生きる道杯,4,3880,浅見 宗孝,3,53,54.6,1,0,0.19,4.25,16.85,39.33,4.61,14.63,51.22,31.43,45.71,32.76,44.83
2026-10-02,4,1,2026-10-02 10:55:00,4,マスターズリーグ第6戦 俺の生きる道杯,5,3929,杢野 誓良,3,50,52,0,0,0.16,4.36,20.72,38.74,4.94,33.33,50,31.34,52.24,36.36,54.55
2026-10-02,4,1,2026-10-02 10:55:00,4,マスターズリーグ第6戦 俺の生きる道杯,6,3826,村田 修次,2,53,52,0,0,0.15,6.3,47.2,68,6.18,41.82,54.55,35.38,61.54,41.82,49.09
2026-10-02,4,2,2026-10-02 11:25:00,4,マスターズリーグ第6戦 俺の生きる道杯,1,3211,北川 敏弘,3,64,52.4,0,0,0.18,4.09,18.52,31.48,0,0,0,35.29,54.41,21.74,43.48
2026-10-02,4,2,2026-10-02 11:25:00,4,マスターズリーグ第6戦 俺の生きる道杯,2,3516,吉原 聖人,3,58,51.5,1,0,0.19,4.69,32.63,42.11,4.88,31.25,43.75,23.61,45.83,36.76,52.94
2026-10-02,4,2,2026-10-02 11:25:00,4,マスターズリーグ第6戦 俺の生きる道杯,3,3422,服部 幸男,2,55,54.8,0,0,0.14,5.8,39.06,53.91,6.1,42.86,57.14,14.49,24.64,38.16,52.63
2026-10-02,4,2,2026-10-02 11:25:00,4,マスターズリーグ第6戦 俺の生きる道杯,4,3158,島川 光男,2,61,52.7,0,0,0.15,6.4,46.09,64.06,6.4,55,70,30.77,43.59,26.76,45.07
2026-10-02,4,2,2026-10-02 11:25:00,4,マスターズリーグ第6戦 俺の生きる道杯,5,3690,河合 三弘,3,55,52.5,0,0,0.19,4.81,30.36,44.64,4.53,26.32,47.37,30,47.5,20.55,28.77
2026-10-02,4,2,2026-10-02 11:25:00,4,マスターズリーグ第6戦 俺の生きる道杯,6,3997,北村 征嗣,1,47,52.1,0,0,0.16,6.12,40.56,62.94,7.85,59.26,92.59,33.33,50.67,36.76,51.47
2026-10-02,4,3,2026-10-02 11:55:00,4,マスターズリーグ第6戦 俺の生きる道杯,1,3377,塚田 修二,3,59,52,0,0,0.21,4.41,20,41.11,4.42,23.33,38.33,44.07,59.32,23.53,33.33
2026-10-02,4,3,2026-10-02 11:55:00,4,マスターズリーグ第6戦 俺の生きる道杯,2,3863,海老澤 泰行,3,52,54.9,0,0,0.17,4.44,21.62,36.04,3.95,23.33,31.67,16.92,32.31,28.99,44.93
2026-10-02,4,3,2026-10-02 11:55:00,4,マスターズリーグ第6戦 俺の生きる道杯,3,4076,杉田 篤光,3,48,52,0,0,0.21,4.85,26.72,45.8,5.42,29.17,50,25,42.19,24.29,41.43
2026-10-02,4,3,2026-10-02 11:55:00,4,マスターズリーグ第6戦 俺の生きる道杯,4,3882,新田 智彰,3,53,53.8,0,0,0.17,4.34,18.95,42.11,4.79,26.47,44.12,35.82,52.24,33.33,50
2026-10-02,4,3,2026-10-02 11:55:00,4,マスターズリーグ第6戦 俺の生きる道杯,5,3679,飯島 昌弘,2,53,52.2,0,0,0.17,6.67,48.87,72.18,6.5,43.42,68.42,32,45.33,33.33,52.38
2026-10-02,4,3,2026-10-02 11:55:00,4,マスターズリーグ第6戦 俺の生きる道杯,6,3952,中澤 和志,1,50,52,0,0,0.14,6.57,45.65,63.04,6.68,48.94,68.09,14.49,27.54,36.62,50.7
2026-10-02,4,4,2026-10-02 12:23:00,4,マスターズリーグ第6戦 俺の生きる道杯,1,3713,伊藤 誠二,1,52,52.2,1,0,0.15,4.93,33.33,45.05,6.24,36,64,22.73,51.52,33.87,59.68
2026-10-02,4,4,2026-10-02 12:23:00,4,マスターズリーグ第6戦 俺の生きる道杯,2,3714,梶原 正,3,51,54.6,0,0,0.16,4.25,25.27,36.26,4.94,25.81,45.16,38.71,54.84,41.77,63.29
2026-10-02,4,4,2026-10-02 12:23:00,4,マスターズリーグ第6戦 俺の生きる道杯,3,4131,原 豊土,3,46,54,0,0,0.17,5.62,37.61,55.96,5.11,35.71,46.43,31.82,51.52,36.99,53.42
2026-10-02,4,4,2026-10-02 12:23:00,4,マスターズリーグ第6戦 俺の生きる道杯,4,3978,齊藤 仁,2,49,52,1,0,0.16,6.09,30.97,63.72,7.14,52.29,69.72,35,51.67,34.18,60.76
2026-10-02,4,4,2026-10-02 12:23:00,4,マスターズリーグ第6戦 俺の生きる道杯,5,3961,谷村 一哉,1,47,54,0,0,0.17,6.69,50,70.15,6.47,33.33,60,40,55.56,36.92,55.38
2026-10-02,4,4,2026-10-02 12:23:00,4,マスターズリーグ第6戦 俺の生きる道杯,6,3616,中村 真,3,53,53.5,1,0,0.16,4.77,25.68,51.35,5.2,20,50,40.54,54.05,26.32,43.86
2026-10-02,4,5,2026-10-02 12:57:00,4,マスターズリーグ第6戦 俺の生きる道杯,1,3868,尾形 栄治,3,51,53.7,0,0,0.21,4.57,23.91,41.3,5.91,45.45,72.73,22.39,32.84,47.06,63.24
2026-10-02,4,5,2026-10-02 12:57:00,4,マスターズリーグ第6戦 俺の生きる道杯,2,3297,藤丸 光一,3,59,49.5,0,0,0.21,4.74,26.42,42.45,3.83,12.5,33.33,30.77,43.59,34.29,51.43
2026-10-02,4,5,2026-10-02 12:57:00,4,マスターズリーグ第6戦 俺の生きる道杯,3,3505,山田 竜一,2,55,52,0,0,0.14,5.2,35.51,45.79,5.35,28.57,53.57,35.38,44.62,40.58,53.62
2026-10-02,4,5,2026-10-02 12:57:00,4,マスターズリーグ第6戦 俺の生きる道杯,4,3554,仲口 博崇,1,54,52,0,0,0.18,6.48,51.77,68.09,6.03,33.33,56.67,21.74,39.13,20.59,39.71
2026-10-02,4,5,2026-10-02 12:57:00,4,マスターズリーグ第6戦 俺の生きる道杯,5,3973,崎 利仁,3,50,54.5,0,0,0.21,4.43,23.64,40,6,50,66.67,54.1,73.77,35.21,53.52
2026-10-02,4,5,2026-10-02 12:57:00,4,マスターズリーグ第6戦 俺の生きる道杯,6,3988,古川 誠之,2,48,55.9,1,0,0.15,6.13,38.46,65.03,4.86,28.57,45.71,15.71,32.86,27.42,40.32
2026-10-02,4,6,2026-10-02 13:32:00,4,マスターズリーグ第6戦 俺の生きる道杯,1,3880,浅見 宗孝,3,53,54.6,1,0,0.19,4.25,16.85,39.33,4.61,14.63,51.22,31.43,45.71,32.76,44.83
2026-10-02,4,6,2026-10-02 13:32:00,4,マスターズリーグ第6戦 俺の生きる道杯,2,3944,山口 裕二,1,47,52.2,1,0,0.17,5.84,39.77,59.09,5.96,46.15,61.54,44.07,64.41,39.39,57.58
2026-10-02,4,6,2026-10-02 13:32:00,4,マスターズリーグ第6戦 俺の生きる道杯,3,3532,柴田 光,4,54,53.9,2,0,0.15,5.84,37.5,55,7.62,65.38,80.77,60.26,73.08,22.73,37.88
2026-10-02,4,6,2026-10-02 13:32:00,4,マスターズリーグ第6戦 俺の生きる道杯,4,3489,大場 敏,2,59,52.3,1,0,0.16,5.93,43.24,56.76,6.08,34.62,57.69,21.21,36.36,43.08,56.92
2026-10-02,4,6,2026-10-02 13:32:00,4,マスターズリーグ第6戦 俺の生きる道杯,5,4077,品田 直樹,2,47,52,0,0,0.17,5.37,33.91,51.3,4.92,28.57,53.06,41.67,70,25.97,42.86
2026-10-02,4,6,2026-10-02 13:32:00,4,マスターズリーグ第6戦 俺の生きる道杯,6,3619,長谷川 充,3,52,52,1,0,0.19,5.11,29.29,50.51,4.81,25,37.5,23.68,38.16,28.13,46.88
2026-10-02,4,7,2026-10-02 14:05:00,4,マスターズリーグ第6戦 俺の生きる道杯,1,3686,鳥居塚 孝博,2,51,50.5,1,0,0.15,6.07,36.73,59.18,6.48,52.17,69.57,34.92,52.38,42.25,57.75
2026-10-02,4,7,2026-10-02 14:05:00,4,マスターズリーグ第6戦 俺の生きる道杯,2,3998,冨成 謙児,3,47,52,0,0,0.17,4.35,25.93,36.11,3.88,23.53,29.41,19.4,35.82,29.85,59.7
2026-10-02,4,7,2026-10-02 14:05:00,4,マスターズリーグ第6戦 俺の生きる道杯,3,3826,村田 修次,2,53,52,0,0,0.15,6.3,47.2,68,6.18,41.82,54.55,35.38,61.54,41.82,49.09
2026-10-02,4,7,2026-10-02 14:05:00,4,マスターズリーグ第6戦 俺の生きる道杯,4,3718,伊達 正利,3,51,54,0,0,0.17,4.46,23.47,35.71,4.18,27.27,40.91,30.16,44.44,33.8,53.52
2026-10-02,4,7,2026-10-02 14:05:00,4,マスターズリーグ第6戦 俺の生きる道杯,5,3527,中嶋 誠一郎,3,55,52.1,1,0,0.17,5.08,29.73,51.35,0,0,0,41.67,58.33,38.33,48.33
2026-10-02,4,7,2026-10-02 14:05:00,4,マスターズリーグ第6戦 俺の生きる道杯,6,3909,佐々木 康幸,1,53,53.7,0,0,0.12,6.78,53.45,69.83,5.57,36.67,46.67,31.08,51.35,37.68,55.07
2026-10-02,4,8,2026-10-02 14:35:00,4,マスターズリーグ第6戦 俺の生きる道杯,1,3158,島川 光男,2,61,52.7,0,0,0.15,6.4,46.09,64.06,6.4,55,70,30.77,43.59,26.76,45.07
2026-10-02,4,8,2026-10-02 14:35:00,4,マスターズリーグ第6戦 俺の生きる道杯,2,3741,松尾 基成,3,52,56,0,0,0.17,3.46,16.67,24.36,2.83,8.33,25,36.51,52.38,18.6,30.23
2026-10-02,4,8,2026-10-02 14:35:00,4,マスターズリーグ第6戦 俺の生きる道杯,3,3211,北川 敏弘,3,64,52.4,0,0,0.18,4.09,18.52,31.48,0,0,0,35.29,54.41,21.74,43.48
2026-10-02,4,8,2026-10-02 14:35:00,4,マスターズリーグ第6戦 俺の生きる道杯,4,3793,高橋 真吾,3,53,57.6,0,0,0.16,4.31,27.55,40.82,3.52,7.41,25.93,33.33,47.37,34.85,53.03
2026-10-02,4,8,2026-10-02 14:35:00,4,マスターズリーグ第6戦 俺の生きる道杯,5,4047,吉永 浩則,3,46,53.1,1,0,0.18,3.43,16.25,27.5,2.67,8.33,16.67,25.64,37.18,32.39,54.93
2026-10-02,4,8,2026-10-02 14:35:00,4,マスターズリーグ第6戦 俺の生きる道杯,6,4027,松江 秀徳,2,48,54.6,1,0,0.16,5.34,32.56,51.16,5.76,36,60,14.81,35.19,43.24,56.76
2026-10-02,4,9,2026-10-02 15:02:00,4,マスターズリーグ第6戦 俺の生きる道杯,1,3422,服部 幸男,2,55,54.8,0,0,0.14,5.8,39.06,53.91,6.1,42.86,57.14,14.49,24.64,38.16,52.63
2026-10-02,4,9,2026-10-02 15:02:00,4,マスターズリーグ第6戦 俺の生きる道杯,2,3430,角浜 修,3,58,52.9,0,0,0.17,4.33,23.58,38.68,4.78,33.33,44.44,25,35.29,23.08,33.85
2026-10-02,4,9,2026-10-02 15:02:00,4,マスターズリーグ第6戦 俺の生きる道杯,3,3256,三角 哲男,1,59,52.2,0,0,0.15,6.81,54.26,72.87,6.77,45.78,73.49,43.33,53.33,27.08,43.75
2026-10-02,4,9,2026-10-02 15:02:00,4,マスターズリーグ第6戦 俺の生きる道杯,4,3807,岡部 哲,3,51,50.5,0,0,0.17,4.91,26.23,46.72,4.5,10,40,38.03,60.56,32.14,50
2026-10-02,4,9,2026-10-02 15:02:00,4,マスターズリーグ第6戦 俺の生きる道杯,5,4139,丹下 健,3,45,53.7,0,0,0.19,4.4,26.19,42.86,4.35,32.35,44.12,20,40,42.25,59.15
2026-10-02,4,9,2026-10-02 15:02:00,4,マスターズリーグ第6戦 俺の生きる道杯,6,3391,鈴木 茂正,4,61,52.2,0,0,,2.22,3.7,7.41,0,0,0,33.82,52.94,40.3,59.7
2026-10-02,4,10,2026-10-02 15:33:00,4,マスターズリーグ第6戦 俺の生きる道杯,1,3952,中澤 和志,1,50,52,0,0,0.14,6.57,45.65,63.04,6.68,48.94,68.09,14.49,27.54,36.62,50.7
2026-10-02,4,10,2026-10-02 15:33:00,4,マスターズリーグ第6戦 俺の生きる道杯,2,3961,谷村 一哉,1,47,54,0,0,0.17,6.69,50,70.15,6.47,33.33,60,40,55.56,36.92,55.38
2026-10-02,4,10,2026-10-02 15:33:00,4,マスターズリーグ第6戦 俺の生きる道杯,3,3554,仲口 博崇,1,54,52,0,0,0.18,6.48,51.77,68.09,6.03,33.33,56.67,21.74,39.13,20.59,39.71
2026-10-02,4,10,2026-10-02 15:33:00,4,マスターズリーグ第6戦 俺の生きる道杯,4,3505,山田 竜一,2,55,52,0,0,0.14,5.2,35.51,45.79,5.35,28.57,53.57,35.38,44.62,40.58,53.62
2026-10-02,4,10,2026-10-02 15:33:00,4,マスターズリーグ第6戦 俺の生きる道杯,5,3863,海老澤 泰行,3,52,54.9,0,0,0.17,4.44,21.62,36.04,3.95,23.33,31.67,16.92,32.31,28.99,44.93
2026-10-02,4,10,2026-10-02 15:33:00,4,マスターズリーグ第6戦 俺の生きる道杯,6,3713,伊藤 誠二,1,52,52.2,1,0,0.15,4.93,33.33,45.05,6.24,36,64,22.73,51.52,33.87,59.68
2026-10-02,4,11,2026-10-02 16:04:00,4,マスターズリーグ第6戦 俺の生きる道杯,1,3997,北村 征嗣,1,47,52.1,0,0,0.16,6.12,40.56,62.94,7.85,59.26,92.59,33.33,50.67,36.76,51.47
2026-10-02,4,11,2026-10-02 16:04:00,4,マスターズリーグ第6戦 俺の生きる道杯,2,4077,品田 直樹,2,47,52,0,0,0.17,5.37,33.91,51.3,4.92,28.57,53.06,41.67,70,25.97,42.86
2026-10-02,4,11,2026-10-02 16:04:00,4,マスターズリーグ第6戦 俺の生きる道杯,3,3978,齊藤 仁,2,49,52,1,0,0.16,6.09,30.97,63.72,7.14,52.29,69.72,35,51.67,34.18,60.76
2026-10-02,4,11,2026-10-02 16:04:00,4,マスターズリーグ第6戦 俺の生きる道杯,4,4076,杉田 篤光,3,48,52,0,0,0.21,4.85,26.72,45.8,5.42,29.17,50,25,42.19,24.29,41.43
2026-10-02,4,11,2026-10-02 16:04:00,4,マスターズリーグ第6戦 俺の生きる道杯,5,3944,山口 裕二,1,47,52.2,1,0,0.17,5.84,39.77,59.09,5.96,46.15,61.54,44.07,64.41,39.39,57.58
2026-10-02,4,11,2026-10-02 16:04:00,4,マスターズリーグ第6戦 俺の生きる道杯,6,3868,尾形 栄治,3,51,53.7,0,0,0.21,4.57,23.91,41.3,5.91,45.45,72.73,22.39,32.84,47.06,63.24
2026-10-02,4,12,2026-10-02 16:40:00,4,マスターズリーグ第6戦 俺の生きる道杯,1,3909,佐々木 康幸,1,53,53.7,0,0,0.12,6.78,53.45,69.83,5.57,36.67,46.67,31.08,51.35,37.68,55.07
2026-10-02,4,12,2026-10-02 16:40:00,4,マスターズリーグ第6戦 俺の生きる道杯,2,3679,飯島 昌弘,2,53,52.2,0,0,0.17,6.67,48.87,72.18,6.5,43.42,68.42,32,45.33,33.33,52.38
2026-10-02,4,12,2026-10-02 16:40:00,4,マスターズリーグ第6戦 俺の生きる道杯,3,3489,大場 敏,2,59,52.3,1,0,0.16,5.93,43.24,56.76,6.08,34.62,57.69,21.21,36.36,43.08,56.92
2026-10-02,4,12,2026-10-02 16:40:00,4,マスターズリーグ第6戦 俺の生きる道杯,4,4131,原 豊土,3,46,54,0,0,0.17,5.62,37.61,55.96,5.11,35.71,46.43,31.82,51.52,36.99,53.42
2026-10-02,4,12,2026-10-02 16:40:00,4,マスターズリーグ第6戦 俺の生きる道杯,5,3297,藤丸 光一,3,59,49.5,0,0,0.21,4.74,26.42,42.45,3.83,12.5,33.33,30.77,43.59,34.29,51.43
2026-10-02,4,12,2026-10-02 16:40:00,4,マスターズリーグ第6戦 俺の生きる道杯,6,3686,鳥居塚 孝博,2,51,50.5,1,0,0.15,6.07,36.73,59.18,6.48,52.17,69.57,34.92,52.38,42.25,57.75
2026-10-02,6,1,2026-10-02 11:22:00,5,中日スポーツシルバーカップ,1,5140,吉田 彩乃,3,26,47,0,0,0.18,4.84,28.07,43.86,4.33,21.88,32.81,33.86,47.24,33.47,53.56
2026-10-02,6,1,2026-10-02 11:22:00,5,中日スポーツシルバーカップ,2,5323,香川 陽太,4,23,55.5,0,0,0.18,4.54,24,42,4.5,27.78,41.67,37.93,54.31,31.09,45.38
2026-10-02,6,1,2026-10-02 11:22:00,5,中日スポーツシルバーカップ,3,4069,山本 修一,2,46,53.9,2,0,0.18,5.77,39.17,55,6.64,50,71.43,27.08,39.58,34.35,53.48
2026-10-02,6,1,2026-10-02 11:22:00,5,中日スポーツシルバーカップ,4,5179,藤本 元輝,3,29,52.6,0,0,0.2,4.29,26.15,38.46,3.23,6.67,26.67,31.3,48.7,30.73,44.5
2026-10-02,6,1,2026-10-02 11:22:00,5,中日スポーツシルバーカップ,5,5269,山口 晃朋,2,25,52,0,0,0.16,6.45,51.24,62.81,5.24,35.47,47.67,26.32,40.79,35.32,49.79
2026-10-02,6,1,2026-10-02 11:22:00,5,中日スポーツシルバーカップ,6,3411,池上 隆行,3,57,51,2,0,0.16,3.58,7.79,27.27,4.69,25,43.75,40.16,64.57,35.44,54.85
2026-10-02,6,2,2026-10-02 11:52:00,5,中日スポーツシルバーカップ,1,3828,明石 正之,3,53,52.3,1,0,0.16,5.01,24.71,47.06,4.36,20.45,36.36,29.03,45.16,31.7,52.23
2026-10-02,6,2,2026-10-02 11:52:00,5,中日スポーツシルバーカップ,2,4084,杉山 正樹,1,47,52.7,0,0,0.16,6.44,41.55,63.38,7.45,70.97,74.19,40.48,58.73,33.19,49.79
2026-10-02,6,2,2026-10-02 11:52:00,5,中日スポーツシルバーカップ,3,4627,藤原 菜希,2,40,47,0,0,0.15,6.38,46.15,65.38,5.56,22.22,44.44,44.55,56.36,37.5,54.31
2026-10-02,6,2,2026-10-02 11:52:00,5,中日スポーツシルバーカップ,4,5169,堀本 翔太,4,25,51,0,0,0.19,3.77,12.12,25.76,3.56,12.5,25,32.46,51.75,35.86,53.59
2026-10-02,6,2,2026-10-02 11:52:00,5,中日スポーツシルバーカップ,5,3448,高山 秀雄,3,56,53.3,0,0,0.19,4.22,20,35.56,6.36,54.55,72.73,39.23,58.46,34.03,51.26
2026-10-02,6,2,2026-10-02 11:52:00,5,中日スポーツシルバーカップ,6,5205,刑部 亜里紗,2,29,47.7,1,0,0.18,6.07,38.1,60,5.81,40.31,55.04,29.59,40.82,31.74,49.13
2026-10-02,6,3,2026-10-02 12:20:00,5,中日スポーツシルバーカップ,1,4081,樋口 範政,3,47,53.9,0,0,0.19,5.54,34.71,53.72,4.32,28.57,35.71,45.59,60.29,37.45,51.91
2026-10-02,6,3,2026-10-02 12:20:00,5,中日スポーツシルバーカップ,2,5173,谷口 佳蓮,3,24,47,1,0,0.15,5.07,34.34,46.46,6.89,55.56,77.78,41.38,62.07,40.54,54.5
2026-10-02,6,3,2026-10-02 12:20:00,5,中日スポーツシルバーカップ,3,4790,柳内 敬太,1,37,52,1,0,0.15,6.23,40.87,69.57,6.97,50,70,32.11,43.12,34.44,49.79
2026-10-02,6,3,2026-10-02 12:20:00,5,中日スポーツシルバーカップ,4,4118,宇佐見 淳,2,45,52,0,0,0.15,6,40.91,65.15,4.86,25,50,32.08,52.83,36.36,52.07
2026-10-02,6,3,2026-10-02 12:20:00,5,中日スポーツシルバーカップ,5,4635,峰重 力也,2,36,52,0,0,0.13,5.4,36.05,52.33,4.4,24,32,21.25,41.25,37.44,51.98
2026-10-02,6,3,2026-10-02 12:20:00,5,中日スポーツシルバーカップ,6,4473,藤堂 里香,3,39,45.5,1,0,0.18,5.58,36.36,60.23,5.89,42.11,57.89,25.64,43.59,34.53,53.36
2026-10-02,6,4,2026-10-02 12:51:00,5,中日スポーツシルバーカップ,1,3813,佐藤 大介,1,50,52.5,0,0,0.16,6.51,44.92,68.64,7,41.67,83.33,22.83,38.04,33.89,50.21
2026-10-02,6,4,2026-10-02 12:51:00,5,中日スポーツシルバーカップ,2,4458,抹香 雄三,3,40,52.7,0,0,0.15,5.55,30.58,58.68,4.28,21.88,40.63,16.67,32.05,33.48,46.35
2026-10-02,6,4,2026-10-02 12:51:00,5,中日スポーツシルバーカップ,3,3471,赤峰 和也,3,56,52.7,0,0,0.17,4.12,17.78,36.67,0,0,0,42.37,62.71,33.61,53.28
2026-10-02,6,4,2026-10-02 12:51:00,5,中日スポーツシルバーカップ,4,4951,新田 洋一,3,33,53.7,1,0,0.14,4.92,25.51,47.96,6,44.44,55.56,22.35,41.18,34.16,52.26
2026-10-02,6,4,2026-10-02 12:51:00,5,中日スポーツシルバーカップ,5,4940,白石 有美,4,28,52.2,0,0,0.18,4.43,21.54,44.62,0,0,0,26.26,38.38,37.18,51.71
2026-10-02,6,4,2026-10-02 12:51:00,5,中日スポーツシルバーカップ,6,5316,村松 将平,3,25,52,1,0,0.15,5.26,33.33,51.72,3.74,11.76,34.31,20.69,31.03,38.06,53.85
2026-10-02,6,5,2026-10-02 13:17:00,5,中日スポーツシルバーカップ,1,4491,田中 堅,3,39,52,0,0,0.2,4.36,24.55,40.91,4.74,15.79,52.63,35.59,54.24,34.33,52.79
2026-10-02,6,5,2026-10-02 13:17:00,5,中日スポーツシルバーカップ,2,4058,野末 智一,1,47,52.2,0,0,0.19,5.97,40.97,61.11,6.06,40.91,70,25.56,41.11,43.22,55.08
2026-10-02,6,5,2026-10-02 13:17:00,5,中日スポーツシルバーカップ,3,3965,北中 元樹,1,47,52.6,1,0,0.17,5.92,42.42,56.82,6.17,44.44,72.22,31.58,49.12,35.06,51.95
2026-10-02,6,5,2026-10-02 13:17:00,5,中日スポーツシルバーカップ,4,3837,秋山 広一,2,51,52.3,0,0,0.17,6.32,45.11,64.66,5.59,40.91,54.55,16.18,35.29,30.64,44.68
2026-10-02,6,5,2026-10-02 13:17:00,5,中日スポーツシルバーカップ,5,5383,中村 楓,3,21,53.1,0,0,0.17,2.56,3.3,10.99,1.38,0,0,27.84,42.27,32.64,49.17
2026-10-02,6,5,2026-10-02 13:17:00,5,中日スポーツシルバーカップ,6,3156,金子 良昭,3,61,52.1,1,0,0.17,4,21.51,33.33,4.88,33.06,42.98,41.46,56.91,35.53,54.39
2026-10-02,6,6,2026-10-02 13:47:00,5,中日スポーツシルバーカップ,1,4120,柘植 政浩,2,45,51,0,0,0.16,6.06,43.66,64.08,5.7,45.45,63.64,20.48,45.78,31.17,48.48
2026-10-02,6,6,2026-10-02 13:47:00,5,中日スポーツシルバーカップ,2,5269,山口 晃朋,2,25,52,0,0,0.16,6.45,51.24,62.81,5.24,35.47,47.67,26.32,40.79,35.32,49.79
2026-10-02,6,6,2026-10-02 13:47:00,5,中日スポーツシルバーカップ,3,5169,堀本 翔太,4,25,51,0,0,0.19,3.77,12.12,25.76,3.56,12.5,25,32.46,51.75,35.86,53.59
2026-10-02,6,6,2026-10-02 13:47:00,5,中日スポーツシルバーカップ,4,4179,広次 修,2,43,51.5,0,0,0.15,5.24,27.91,55.81,5.5,38.89,50,34.21,54.39,35.68,56.39
2026-10-02,6,6,2026-10-02 13:47:00,5,中日スポーツシルバーカップ,5,3641,一瀬 明,1,55,52,0,0,0.17,6.05,42.75,61.59,5.76,44.74,55.26,41.9,52.38,33.05,50
2026-10-02,6,6,2026-10-02 13:47:00,5,中日スポーツシルバーカップ,6,4892,柴田 直哉,3,36,52.7,0,0,0.19,5.19,33.33,50.43,4.94,32.26,48.39,34.43,50,31.65,50
2026-10-02,6,7,2026-10-02 14:19:00,5,中日スポーツシルバーカップ,1,4403,木下 大將,2,41,52.4,1,0,0.15,6.36,46.51,65.12,5.38,25,62.5,27.72,43.56,38.89,53.42
2026-10-02,6,7,2026-10-02 14:19:00,5,中日スポーツシルバーカップ,2,5179,藤本 元輝,3,29,52.6,0,0,0.2,4.29,26.15,38.46,3.23,6.67,26.67,31.3,48.7,30.73,44.5
2026-10-02,6,7,2026-10-02 14:19:00,5,中日スポーツシルバーカップ,3,5347,井澤 聖奈,4,23,46,0,0,0.21,1.76,1.32,3.95,1.37,0,0,16.44,32.88,38.68,55.14
2026-10-02,6,7,2026-10-02 14:19:00,5,中日スポーツシルバーカップ,4,3448,高山 秀雄,3,56,53.3,0,0,0.19,4.22,20,35.56,6.36,54.55,72.73,39.23,58.46,34.03,51.26
2026-10-02,6,7,2026-10-02 14:19:00,5,中日スポーツシルバーカップ,5,4494,河合 佑樹,1,39,52.1,1,0,0.15,6.79,45.92,59.18,7.48,60.95,77.14,34.92,52.38,39.42,54.77
2026-10-02,6,7,2026-10-02 14:19:00,5,中日スポーツシルバーカップ,6,3975,小野寺 智洋,2,49,52,0,0,0.14,5.36,33.6,51.2,5.48,36.36,51.52,40.83,58.33,39.66,53.88
2026-10-02,6,8,2026-10-02 14:55:00,5,中日スポーツシルバーカップ,1,4289,落合 直子,2,41,47.6,1,0,0.13,5.75,38.24,58.82,7.03,53.85,74.36,50.43,64.35,33.05,47.7
2026-10-02,6,8,2026-10-02 14:55:00,5,中日スポーツシルバーカップ,2,5270,小玉 啓太,3,25,53,1,0,0.15,4.24,20.69,37.93,0,0,0,21.59,38.64,39.32,59.83
2026-10-02,6,8,2026-10-02 14:55:00,5,中日スポーツシルバーカップ,3,5173,谷口 佳蓮,3,24,47,1,0,0.15,5.07,34.34,46.46,6.89,55.56,77.78,41.38,62.07,40.54,54.5
2026-10-02,6,8,2026-10-02 14:55:00,5,中日スポーツシルバーカップ,4,3623,深川 真二,1,52,51.5,1,0,0.14,7.28,61.68,77.57,7.35,62.75,70.59,32,50,37.45,51.91
2026-10-02,6,8,2026-10-02 14:55:00,5,中日スポーツシルバーカップ,5,3828,明石 正之,3,53,52.3,1,0,0.16,5.01,24.71,47.06,4.36,20.45,36.36,29.03,45.16,31.7,52.23
2026-10-02,6,8,2026-10-02 14:55:00,5,中日スポーツシルバーカップ,6,4458,抹香 雄三,3,40,52.7,0,0,0.15,5.55,30.58,58.68,4.28,21.88,40.63,16.67,32.05,33.48,46.35
2026-10-02,6,9,2026-10-02 15:24:00,5,中日スポーツシルバーカップ,1,4635,峰重 力也,2,36,52,0,0,0.13,5.4,36.05,52.33,4.4,24,32,21.25,41.25,37.44,51.98
2026-10-02,6,9,2026-10-02 15:24:00,5,中日スポーツシルバーカップ,2,5140,吉田 彩乃,3,26,47,0,0,0.18,4.84,28.07,43.86,4.33,21.88,32.81,33.86,47.24,33.47,53.56
2026-10-02,6,9,2026-10-02 15:24:00,5,中日スポーツシルバーカップ,3,5316,村松 将平,3,25,52,1,0,0.15,5.26,33.33,51.72,3.74,11.76,34.31,20.69,31.03,38.06,53.85
2026-10-02,6,9,2026-10-02 15:24:00,5,中日スポーツシルバーカップ,4,4058,野末 智一,1,47,52.2,0,0,0.19,5.97,40.97,61.11,6.06,40.91,70,25.56,41.11,43.22,55.08
2026-10-02,6,9,2026-10-02 15:24:00,5,中日スポーツシルバーカップ,5,4084,杉山 正樹,1,47,52.7,0,0,0.16,6.44,41.55,63.38,7.45,70.97,74.19,40.48,58.73,33.19,49.79
2026-10-02,6,9,2026-10-02 15:24:00,5,中日スポーツシルバーカップ,6,4660,宇田川 信一,3,35,52,0,0,0.19,4.15,22.39,35.82,4.28,16.67,38.89,41.44,57.66,36.92,53.74
2026-10-02,6,10,2026-10-02 15:51:00,5,中日スポーツシルバーカップ,1,4627,藤原 菜希,2,40,47,0,0,0.15,6.38,46.15,65.38,5.56,22.22,44.44,44.55,56.36,37.5,54.31
2026-10-02,6,10,2026-10-02 15:51:00,5,中日スポーツシルバーカップ,2,3641,一瀬 明,1,55,52,0,0,0.17,6.05,42.75,61.59,5.76,44.74,55.26,41.9,52.38,33.05,50
2026-10-02,6,10,2026-10-02 15:51:00,5,中日スポーツシルバーカップ,3,4951,新田 洋一,3,33,53.7,1,0,0.14,4.92,25.51,47.96,6,44.44,55.56,22.35,41.18,34.16,52.26
2026-10-02,6,10,2026-10-02 15:51:00,5,中日スポーツシルバーカップ,4,4491,田中 堅,3,39,52,0,0,0.2,4.36,24.55,40.91,4.74,15.79,52.63,35.59,54.24,34.33,52.79
2026-10-02,6,10,2026-10-02 15:51:00,5,中日スポーツシルバーカップ,5,4069,山本 修一,2,46,53.9,2,0,0.18,5.77,39.17,55,6.64,50,71.43,27.08,39.58,34.35,53.48
2026-10-02,6,10,2026-10-02 15:51:00,5,中日スポーツシルバーカップ,6,4790,柳内 敬太,1,37,52,1,0,0.15,6.23,40.87,69.57,6.97,50,70,32.11,43.12,34.44,49.79
2026-10-02,6,11,2026-10-02 16:19:00,5,中日スポーツシルバーカップ,1,3965,北中 元樹,1,47,52.6,1,0,0.17,5.92,42.42,56.82,6.17,44.44,72.22,31.58,49.12,35.06,51.95
2026-10-02,6,11,2026-10-02 16:19:00,5,中日スポーツシルバーカップ,2,4081,樋口 範政,3,47,53.9,0,0,0.19,5.54,34.71,53.72,4.32,28.57,35.71,45.59,60.29,37.45,51.91
2026-10-02,6,11,2026-10-02 16:19:00,5,中日スポーツシルバーカップ,3,4494,河合 佑樹,1,39,52.1,1,0,0.15,6.79,45.92,59.18,7.48,60.95,77.14,34.92,52.38,39.42,54.77
2026-10-02,6,11,2026-10-02 16:19:00,5,中日スポーツシルバーカップ,4,3562,山下 和彦,2,57,52.3,0,0,0.18,6.31,46.76,67.63,7.14,57.14,80.95,42.4,63.2,35.17,49.58
2026-10-02,6,11,2026-10-02 16:19:00,5,中日スポーツシルバーカップ,5,4120,柘植 政浩,2,45,51,0,0,0.16,6.06,43.66,64.08,5.7,45.45,63.64,20.48,45.78,31.17,48.48
2026-10-02,6,11,2026-10-02 16:19:00,5,中日スポーツシルバーカップ,6,3471,赤峰 和也,3,56,52.7,0,0,0.17,4.12,17.78,36.67,0,0,0,42.37,62.71,33.61,53.28
2026-10-02,6,12,2026-10-02 16:48:00,5,中日スポーツシルバーカップ,1,3623,深川 真二,1,52,51.5,1,0,0.14,7.28,61.68,77.57,7.35,62.75,70.59,32,50,37.45,51.91
2026-10-02,6,12,2026-10-02 16:48:00,5,中日スポーツシルバーカップ,2,4118,宇佐見 淳,2,45,52,0,0,0.15,6,40.91,65.15,4.86,25,50,32.08,52.83,36.36,52.07
2026-10-02,6,12,2026-10-02 16:48:00,5,中日スポーツシルバーカップ,3,5205,刑部 亜里紗,2,29,47.7,1,0,0.18,6.07,38.1,60,5.81,40.31,55.04,29.59,40.82,31.74,49.13
2026-10-02,6,12,2026-10-02 16:48:00,5,中日スポーツシルバーカップ,4,3813,佐藤 大介,1,50,52.5,0,0,0.16,6.51,44.92,68.64,7,41.67,83.33,22.83,38.04,33.89,50.21
2026-10-02,6,12,2026-10-02 16:48:00,5,中日スポーツシルバーカップ,5,4892,柴田 直哉,3,36,52.7,0,0,0.19,5.19,33.33,50.43,4.94,32.26,48.39,34.43,50,31.65,50
2026-10-02,6,12,2026-10-02 16:48:00,5,中日スポーツシルバーカップ,6,3837,秋山 広一,2,51,52.3,0,0,0.17,6.32,45.11,64.66,5.59,40.91,54.55,16.18,35.29,30.64,44.68
2026-10-02,7,1,2026-10-02 15:21:00,4,「いい風吹け」キリンビール晴れ風賞,1,4273,佐藤 旭,3,44,53.7,0,0,0.19,4.96,30.19,48.11,4.68,21.43,46.43,54.29,74.29,41.38,62.07
2026-10-02,7,1,2026-10-02 15:21:00,4,「いい風吹け」キリンビール晴れ風賞,2,4692,酒井 俊弘,3,42,52,1,0,0.12,4.2,23.4,35.11,4.61,16.67,44.44,34.29,42.86,29.63,40.74
2026-10-02,7,1,2026-10-02 15:21:00,4,「いい風吹け」キリンビール晴れ風賞,3,4626,伊藤 紘章,3,40,52.1,0,0,0.22,3.93,20.93,36.05,4.96,34.69,48.98,41.38,62.07,53.33,63.33
2026-10-02,7,1,2026-10-02 15:21:00,4,「いい風吹け」キリンビール晴れ風賞,4,5321,一色 颯輝,3,24,53.5,1,0,0.2,4.71,29.27,43.9,4.47,27.27,39.39,44.44,55.56,34.48,55.17
2026-10-02,7,1,2026-10-02 15:21:00,4,「いい風吹け」キリンビール晴れ風賞,5,4822,百武 翔,2,33,52,0,0,0.17,6.37,51.69,66.95,0,0,0,30.77,50,46.43,67.86
2026-10-02,7,1,2026-10-02 15:21:00,4,「いい風吹け」キリンビール晴れ風賞,6,3442,宮武 英司,3,57,53.2,0,0,0.16,4.27,22,39,3,0,20,26.47,35.29,29.63,40.74
2026-10-02,7,2,2026-10-02 15:48:00,4,「いい風吹け」キリンビール晴れ風賞,1,4652,酒見 峻介,3,41,52,0,0,0.17,4.87,24.18,45.05,5.56,38.89,52.78,26.47,50,48,68
2026-10-02,7,2,2026-10-02 15:48:00,4,「いい風吹け」キリンビール晴れ風賞,2,3708,岡部 貴司,3,52,54.4,0,0,0.16,5.3,33,51,4.8,30,50,30.77,46.15,15.63,25
2026-10-02,7,2,2026-10-02 15:48:00,4,「いい風吹け」キリンビール晴れ風賞,3,5000,岡本 翔太郎,3,32,52.5,1,0,0.12,5.15,35.23,50,4.12,5.88,41.18,35.71,50,41.38,58.62
2026-10-02,7,2,2026-10-02 15:48:00,4,「いい風吹け」キリンビール晴れ風賞,4,4475,末永 祐輝,1,39,52.5,1,0,0.16,5.51,32.14,56.43,5.47,30.56,55.56,50,78.57,55.56,75
2026-10-02,7,2,2026-10-02 15:48:00,4,「いい風吹け」キリンビール晴れ風賞,5,4463,三苫 晃幸,2,40,52.7,0,0,0.15,6.22,42.72,67.96,5.5,31.82,54.55,39.39,48.48,68.97,75.86
2026-10-02,7,2,2026-10-02 15:48:00,4,「いい風吹け」キリンビール晴れ風賞,6,3563,堤 昇,3,56,52.8,0,0,0.15,5.99,42.62,63.11,6,41.38,55.17,24,44,29.63,44.44
2026-10-02,7,3,2026-10-02 16:16:00,4,「いい風吹け」キリンビール晴れ風賞,1,3441,土屋 太朗,3,57,52,0,0,0.18,4.83,25.69,44.95,4.29,17.65,47.06,29.63,40.74,37.04,62.96
2026-10-02,7,3,2026-10-02 16:16:00,4,「いい風吹け」キリンビール晴れ風賞,2,5008,羽野 諒,3,29,52.5,0,0,0.15,4.85,25.26,45.26,4.75,20,40,33.33,44.44,27.78,52.78
2026-10-02,7,3,2026-10-02 16:16:00,4,「いい風吹け」キリンビール晴れ風賞,3,4423,坂口 貴彦,3,37,53.3,0,0,0.17,5.68,38.74,59.46,3.8,15,35,29.63,59.26,35.29,50
2026-10-02,7,3,2026-10-02 16:16:00,4,「いい風吹け」キリンビール晴れ風賞,4,4486,野村 誠,2,40,52.9,1,0,0.18,5.86,41.6,58.4,5.95,52.63,63.16,30.43,43.48,50,63.89
2026-10-02,7,3,2026-10-02 16:16:00,4,「いい風吹け」キリンビール晴れ風賞,5,4771,下寺 秀和,1,33,54,0,0,0.16,7.09,54.62,77.69,6.64,57.14,67.86,35.71,57.14,37.04,62.96
2026-10-02,7,3,2026-10-02 16:16:00,4,「いい風吹け」キリンビール晴れ風賞,6,4835,橋本 明,3,38,53,0,0,0.15,4.9,25.42,45.76,4.43,14.29,42.86,60.71,71.43,42.31,61.54
2026-10-02,7,4,2026-10-02 16:44:00,4,「いい風吹け」キリンビール晴れ風賞,1,5033,藤原 孝斗,3,28,55.1,0,0,0.18,4.27,24.39,34.15,3.93,13.33,26.67,52.78,58.33,29.63,33.33
2026-10-02,7,4,2026-10-02 16:44:00,4,「いい風吹け」キリンビール晴れ風賞,2,4512,高野 哲史,1,37,52.2,0,0,0.15,6.87,57.72,70.47,6.85,58.49,69.81,24.24,54.55,45.95,56.76
2026-10-02,7,4,2026-10-02 16:44:00,4,「いい風吹け」キリンビール晴れ風賞,3,4060,島田 一生,3,47,54,0,0,0.16,4.62,29,44,4.62,34.62,34.62,33.33,44.44,34.29,42.86
2026-10-02,7,4,2026-10-02 16:44:00,4,「いい風吹け」キリンビール晴れ風賞,4,4413,水摩 敦,2,40,52.2,0,0,0.18,5.98,36.84,63.16,6.57,38.1,76.19,44.83,72.41,30.43,56.52
2026-10-02,7,4,2026-10-02 16:44:00,4,「いい風吹け」キリンビール晴れ風賞,5,4811,向井田 佑紀,3,37,51,0,0,0.16,4.92,28.33,47.5,4.33,22.22,44.44,26.92,42.31,32.43,56.76
2026-10-02,7,4,2026-10-02 16:44:00,4,「いい風吹け」キリンビール晴れ風賞,6,4863,三浦 裕貴,3,37,53,1,0,0.16,3.99,15.85,35.37,5.53,41.18,52.94,36.36,69.7,42.31,50
2026-10-02,7,5,2026-10-02 17:11:00,4,「いい風吹け」キリンビール晴れ風賞,1,4973,栗原 直也,3,34,52,1,0,0.17,5.14,33.33,50,4.86,32.14,39.29,48.28,62.07,61.11,80.56
2026-10-02,7,5,2026-10-02 17:11:00,4,「いい風吹け」キリンビール晴れ風賞,2,4102,益田 啓司,1,47,51.5,0,0,0.15,6.59,52.38,68.03,6.65,52.17,73.91,32.14,35.71,42.86,53.57
2026-10-02,7,5,2026-10-02 17:11:00,4,「いい風吹け」キリンビール晴れ風賞,3,4416,三宅 健太,3,39,52.7,0,0,0.17,5.42,38,50,6.78,55.56,66.67,53.57,64.29,37.04,51.85
2026-10-02,7,5,2026-10-02 17:11:00,4,「いい風吹け」キリンビール晴れ風賞,4,4626,伊藤 紘章,3,40,52.1,0,0,0.22,3.93,20.93,36.05,4.96,34.69,48.98,41.38,62.07,53.33,63.33
2026-10-02,7,5,2026-10-02 17:11:00,4,「いい風吹け」キリンビール晴れ風賞,5,4643,近江 翔吾,2,33,52,0,0,0.13,6.57,48.15,64.81,5.31,25,37.5,35.48,64.52,37.04,51.85
2026-10-02,7,5,2026-10-02 17:11:00,4,「いい風吹け」キリンビール晴れ風賞,6,4036,金田 諭,1,47,52,0,0,0.16,6.28,43.09,67.48,6.04,42.86,64.29,33.33,48.15,35.71,42.86
2026-10-02,7,6,2026-10-02 17:36:00,4,「いい風吹け」キリンビール晴れ風賞,1,4979,中野 夢斗,3,30,53.2,0,0,0.17,5.04,31.53,45.95,4.16,26.32,35.09,51.85,59.26,46.15,61.54
2026-10-02,7,6,2026-10-02 17:36:00,4,「いい風吹け」キリンビール晴れ風賞,2,3912,川原 正明,3,52,52.3,0,0,0.15,5.99,43.75,59.38,5.95,45.45,59.09,62.16,75.68,33.33,43.33
2026-10-02,7,6,2026-10-02 17:36:00,4,「いい風吹け」キリンビール晴れ風賞,3,4273,佐藤 旭,3,44,53.7,0,0,0.19,4.96,30.19,48.11,4.68,21.43,46.43,54.29,74.29,41.38,62.07
2026-10-02,7,6,2026-10-02 17:36:00,4,「いい風吹け」キリンビール晴れ風賞,4,4850,野中 一平,2,31,52.8,0,0,0.11,6.44,48.57,62.86,7.17,60,75.71,48.48,60.61,58.33,69.44
2026-10-02,7,6,2026-10-02 17:36:00,4,「いい風吹け」キリンビール晴れ風賞,5,4933,板橋 侑我,2,30,52.9,0,0,0.14,6.54,43.27,58.65,7.71,60.71,82.14,37.93,51.72,39.29,53.57
2026-10-02,7,6,2026-10-02 17:36:00,4,「いい風吹け」キリンビール晴れ風賞,6,4471,新田 泰章,1,39,52,0,0,0.15,6.41,47.92,63.89,7.5,59.38,78.13,34.29,57.14,30.77,65.38
2026-10-02,7,7,2026-10-02 18:03:00,4,「いい風吹け」キリンビール晴れ風賞,1,4593,小坂 宗司,2,45,52,0,0,0.17,5.95,37.9,65.32,5.87,40,66.67,44.44,59.26,32.14,46.43
2026-10-02,7,7,2026-10-02 18:03:00,4,「いい風吹け」キリンビール晴れ風賞,2,3441,土屋 太朗,3,57,52,0,0,0.18,4.83,25.69,44.95,4.29,17.65,47.06,29.63,40.74,37.04,62.96
2026-10-02,7,7,2026-10-02 18:03:00,4,「いい風吹け」キリンビール晴れ風賞,3,3557,太田 和美,1,53,53,1,0,0.15,6.22,44.74,63.16,7.56,56.41,74.36,32.14,53.57,31.43,48.57
2026-10-02,7,7,2026-10-02 18:03:00,4,「いい風吹け」キリンビール晴れ風賞,4,4535,北山 康介,2,36,52.3,1,0,0.16,7.03,53.4,76.7,0,0,0,24.24,42.42,50,73.33
2026-10-02,7,7,2026-10-02 18:03:00,4,「いい風吹け」キリンビール晴れ風賞,5,4692,酒井 俊弘,3,42,52,1,0,0.12,4.2,23.4,35.11,4.61,16.67,44.44,34.29,42.86,29.63,40.74
2026-10-02,7,7,2026-10-02 18:03:00,4,「いい風吹け」キリンビール晴れ風賞,6,4245,高橋 直哉,3,44,52.1,0,0,0.19,4.68,26.04,40.63,4.26,17.65,41.18,53.85,64.1,45.71,60
2026-10-02,7,8,2026-10-02 18:40:00,4,「いい風吹け」キリンビール晴れ風賞,1,3327,野長瀬 正孝,2,59,52,1,0,0.16,6.01,40,65.22,6.18,38.46,64.1,51.52,60.61,44,68
2026-10-02,7,8,2026-10-02 18:40:00,4,「いい風吹け」キリンビール晴れ風賞,2,4521,小池 公生,3,39,51.5,1,0,0.21,5.28,28.7,53.7,5.33,22.22,66.67,25,50,32.35,52.94
2026-10-02,7,8,2026-10-02 18:40:00,4,「いい風吹け」キリンビール晴れ風賞,3,4418,茅原 悠紀,1,39,52,0,0,0.13,7.39,53.08,69.23,8.56,44.44,77.78,26.47,55.88,44.12,58.82
2026-10-02,7,8,2026-10-02 18:40:00,4,「いい風吹け」キリンビール晴れ風賞,4,5033,藤原 孝斗,3,28,55.1,0,0,0.18,4.27,24.39,34.15,3.93,13.33,26.67,52.78,58.33,29.63,33.33
2026-10-02,7,8,2026-10-02 18:40:00,4,「いい風吹け」キリンビール晴れ風賞,5,3796,長野 道臣,3,53,54,0,0,0.17,4.23,23.81,35.24,5.23,30.77,46.15,67.57,75.68,27.59,58.62
2026-10-02,7,8,2026-10-02 18:40:00,4,「いい風吹け」キリンビール晴れ風賞,6,4463,三苫 晃幸,2,40,52.7,0,0,0.15,6.22,42.72,67.96,5.5,31.82,54.55,39.39,48.48,68.97,75.86
2026-10-02,7,9,2026-10-02 19:11:00,4,「いい風吹け」キリンビール晴れ風賞,1,4822,百武 翔,2,33,52,0,0,0.17,6.37,51.69,66.95,0,0,0,30.77,50,46.43,67.86
2026-10-02,7,9,2026-10-02 19:11:00,4,「いい風吹け」キリンビール晴れ風賞,2,4973,栗原 直也,3,34,52,1,0,0.17,5.14,33.33,50,4.86,32.14,39.29,48.28,62.07,61.11,80.56
2026-10-02,7,9,2026-10-02 19:11:00,4,「いい風吹け」キリンビール晴れ風賞,3,4674,池田 剛規,3,39,52.1,0,0,0.15,5.37,30,53.64,5.38,38.1,57.14,25,44.44,33.33,55.56
2026-10-02,7,9,2026-10-02 19:11:00,4,「いい風吹け」キリンビール晴れ風賞,4,4434,田中 辰彦,2,40,52.2,1,0,0.16,6.12,45.9,62.3,7.65,70,85,51.28,61.54,37.04,59.26
2026-10-02,7,9,2026-10-02 19:11:00,4,「いい風吹け」キリンビール晴れ風賞,5,4308,河村 了,1,42,52,0,0,0.17,6.7,46.32,70.59,6.82,50.94,66.98,29.63,59.26,28.57,50
2026-10-02,7,9,2026-10-02 19:11:00,4,「いい風吹け」キリンビール晴れ風賞,6,5008,羽野 諒,3,29,52.5,0,0,0.15,4.85,25.26,45.26,4.75,20,40,33.33,44.44,27.78,52.78
2026-10-02,7,10,2026-10-02 19:42:00,4,「いい風吹け」キリンビール晴れ風賞,1,4512,高野 哲史,1,37,52.2,0,0,0.15,6.87,57.72,70.47,6.85,58.49,69.81,24.24,54.55,45.95,56.76
2026-10-02,7,10,2026-10-02 19:42:00,4,「いい風吹け」キリンビール晴れ風賞,2,4835,橋本 明,3,38,53,0,0,0.15,4.9,25.42,45.76,4.43,14.29,42.86,60.71,71.43,42.31,61.54
2026-10-02,7,10,2026-10-02 19:42:00,4,「いい風吹け」キリンビール晴れ風賞,3,3563,堤 昇,3,56,52.8,0,0,0.15,5.99,42.62,63.11,6,41.38,55.17,24,44,29.63,44.44
2026-10-02,7,10,2026-10-02 19:42:00,4,「いい風吹け」キリンビール晴れ風賞,4,4471,新田 泰章,1,39,52,0,0,0.15,6.41,47.92,63.89,7.5,59.38,78.13,34.29,57.14,30.77,65.38
2026-10-02,7,10,2026-10-02 19:42:00,4,「いい風吹け」キリンビール晴れ風賞,5,5321,一色 颯輝,3,24,53.5,1,0,0.2,4.71,29.27,43.9,4.47,27.27,39.39,44.44,55.56,34.48,55.17
2026-10-02,7,10,2026-10-02 19:42:00,4,「いい風吹け」キリンビール晴れ風賞,6,4643,近江 翔吾,2,33,52,0,0,0.13,6.57,48.15,64.81,5.31,25,37.5,35.48,64.52,37.04,51.85
2026-10-02,7,11,2026-10-02 20:13:00,4,「いい風吹け」キリンビール晴れ風賞,1,3557,太田 和美,1,53,53,1,0,0.15,6.22,44.74,63.16,7.56,56.41,74.36,32.14,53.57,31.43,48.57
2026-10-02,7,11,2026-10-02 20:13:00,4,「いい風吹け」キリンビール晴れ風賞,2,5000,岡本 翔太郎,3,32,52.5,1,0,0.12,5.15,35.23,50,4.12,5.88,41.18,35.71,50,41.38,58.62
2026-10-02,7,11,2026-10-02 20:13:00,4,「いい風吹け」キリンビール晴れ風賞,3,4850,野中 一平,2,31,52.8,0,0,0.11,6.44,48.57,62.86,7.17,60,75.71,48.48,60.61,58.33,69.44
2026-10-02,7,11,2026-10-02 20:13:00,4,「いい風吹け」キリンビール晴れ風賞,4,4771,下寺 秀和,1,33,54,0,0,0.16,7.09,54.62,77.69,6.64,57.14,67.86,35.71,57.14,37.04,62.96
2026-10-02,7,11,2026-10-02 20:13:00,4,「いい風吹け」キリンビール晴れ風賞,5,4036,金田 諭,1,47,52,0,0,0.16,6.28,43.09,67.48,6.04,42.86,64.29,33.33,48.15,35.71,42.86
2026-10-02,7,11,2026-10-02 20:13:00,4,「いい風吹け」キリンビール晴れ風賞,6,4811,向井田 佑紀,3,37,51,0,0,0.16,4.92,28.33,47.5,4.33,22.22,44.44,26.92,42.31,32.43,56.76
2026-10-02,7,12,2026-10-02 20:41:00,4,「いい風吹け」キリンビール晴れ風賞,1,4418,茅原 悠紀,1,39,52,0,0,0.13,7.39,53.08,69.23,8.56,44.44,77.78,26.47,55.88,44.12,58.82
2026-10-02,7,12,2026-10-02 20:41:00,4,「いい風吹け」キリンビール晴れ風賞,2,4652,酒見 峻介,3,41,52,0,0,0.17,4.87,24.18,45.05,5.56,38.89,52.78,26.47,50,48,68
2026-10-02,7,12,2026-10-02 20:41:00,4,「いい風吹け」キリンビール晴れ風賞,3,3912,川原 正明,3,52,52.3,0,0,0.15,5.99,43.75,59.38,5.95,45.45,59.09,62.16,75.68,33.33,43.33
2026-10-02,7,12,2026-10-02 20:41:00,4,「いい風吹け」キリンビール晴れ風賞,4,4102,益田 啓司,1,47,51.5,0,0,0.15,6.59,52.38,68.03,6.65,52.17,73.91,32.14,35.71,42.86,53.57
2026-10-02,7,12,2026-10-02 20:41:00,4,「いい風吹け」キリンビール晴れ風賞,5,4475,末永 祐輝,1,39,52.5,1,0,0.16,5.51,32.14,56.43,5.47,30.56,55.56,50,78.57,55.56,75
2026-10-02,7,12,2026-10-02 20:41:00,4,「いい風吹け」キリンビール晴れ風賞,6,4486,野村 誠,2,40,52.9,1,0,0.18,5.86,41.6,58.4,5.95,52.63,63.16,30.43,43.48,50,63.89
2026-10-02,9,1,2026-10-02 10:30:00,5,津インクル開設15周年記念レース,1,4049,荒川 健太,2,46,54.8,0,0,0.17,5.95,38.28,60.94,6.65,49.25,68.66,38.55,56.02,39.02,60.98
2026-10-02,9,1,2026-10-02 10:30:00,5,津インクル開設15周年記念レース,2,5103,芝田 京介,4,28,53.2,0,0,0.2,3.96,24.56,29.82,3.33,0,16.67,45.22,62.42,37.2,51.83
2026-10-02,9,1,2026-10-02 10:30:00,5,津インクル開設15周年記念レース,3,3550,都築 正治,3,55,52.1,0,0,0.16,5.3,37.1,52.42,5.77,40.91,56.82,37.57,50.79,34.78,49.07
2026-10-02,9,1,2026-10-02 10:30:00,5,津インクル開設15周年記念レース,4,4625,渡邊 裕貴,3,40,52.8,0,0,0.17,5.16,30.77,46.15,4.52,30.77,40.38,27.61,41.72,35.36,53.04
2026-10-02,9,1,2026-10-02 10:30:00,5,津インクル開設15周年記念レース,5,5456,今村 天次朗,4,20,52,1,0,,2.07,2.99,7.46,0,0,0,29.61,43.02,26.67,45.93
2026-10-02,9,1,2026-10-02 10:30:00,5,津インクル開設15周年記念レース,6,3647,伊藤 雄二,3,53,50,0,0,0.18,3.64,14.16,26.55,4.08,20.83,41.67,29.33,41.33,35.9,51.28
2026-10-02,9,2,2026-10-02 10:59:00,5,津インクル開設15周年記念レース,1,4358,松本 庸平,3,42,52,0,0,0.22,4.43,27.36,42.45,4.7,30.95,44.44,27.1,38.06,32.74,50
2026-10-02,9,2,2026-10-02 10:59:00,5,津インクル開設15周年記念レース,2,3445,加藤 高史,3,56,52,0,0,0.18,5.04,31.52,47.83,5.94,39.39,57.58,31.07,45.2,31.33,44.58
2026-10-02,9,2,2026-10-02 10:59:00,5,津インクル開設15周年記念レース,3,4336,松田 竜馬,3,42,53.9,0,0,0.15,5.16,31.63,50,5.71,38.1,61.9,22.56,36.84,24.81,39.85
2026-10-02,9,2,2026-10-02 10:59:00,5,津インクル開設15周年記念レース,4,5441,鈴木 雄登,3,20,49,1,0,0.17,3.3,9.09,30.3,3.57,14.29,42.86,30.16,50.26,30.07,44.06
2026-10-02,9,2,2026-10-02 10:59:00,5,津インクル開設15周年記念レース,5,4022,待鳥 雄紀,3,46,56.1,0,0,0.16,4.8,27,44,3.71,0,42.86,31.06,46.58,31.15,46.99
2026-10-02,9,2,2026-10-02 10:59:00,5,津インクル開設15周年記念レース,6,3605,中村 守成,3,54,53.1,0,0,0.19,4.02,12.9,31.18,4.75,28.7,39.13,40.94,55.7,21.48,39.26
2026-10-02,9,3,2026-10-02 11:28:00,5,津インクル開設15周年記念レース,1,4176,樋口 喜彦,4,43,53.7,0,0,0.18,3.29,13.85,24.62,2.75,12.5,25,34.32,49.7,38.37,51.16
2026-10-02,9,3,2026-10-02 11:28:00,5,津インクル開設15周年記念レース,2,4200,早川 尚人,3,44,53.5,0,0,0.19,4.43,17.53,41.24,4.21,21.05,26.32,37.65,55.56,30.23,41.86
2026-10-02,9,3,2026-10-02 11:28:00,5,津インクル開設15周年記念レース,3,4040,廣瀬 将亨,2,47,55.5,0,0,0.15,5.93,39.53,55.04,6,47.06,52.94,36.71,51.9,26.45,38.71
2026-10-02,9,3,2026-10-02 11:28:00,5,津インクル開設15周年記念レース,4,4509,平見 真彦,2,37,53.3,1,0,0.18,6.24,44.44,66.67,5.78,38.89,50,46.15,62.64,37.11,55.35
2026-10-02,9,3,2026-10-02 11:28:00,5,津インクル開設15周年記念レース,5,5011,高木 圭大,3,29,52.3,0,0,0.15,3.85,18.81,30.69,2.67,11.11,11.11,36.91,57.72,23.62,40.16
2026-10-02,9,3,2026-10-02 11:28:00,5,津インクル開設15周年記念レース,6,3743,林 美憲,1,51,52.5,0,0,0.15,5.65,42.55,53.9,6,42.11,63.16,27.6,46.88,36.67,56.67
2026-10-02,9,4,2026-10-02 11:57:00,5,津インクル開設15周年記念レース,1,5315,浅井 翼,4,26,52,0,0,0.21,2.73,11.39,18.99,1.14,0,0,37.8,56.1,45.9,63.93
2026-10-02,9,4,2026-10-02 11:57:00,5,津インクル開設15周年記念レース,2,3811,石田 章央,1,50,53.5,1,0,0.16,6.06,45.99,61.31,5.7,39.39,54.55,38.24,56.47,29.87,49.35
2026-10-02,9,4,2026-10-02 11:57:00,5,津インクル開設15周年記念レース,3,4002,古結 宏,1,48,52.3,0,0,0.14,6.7,52.31,70,6.31,50,67.31,28.57,45.05,35.45,52.38
2026-10-02,9,4,2026-10-02 11:57:00,5,津インクル開設15周年記念レース,4,3454,井川 大作,3,55,56.4,0,0,0.17,5.28,35.42,55.21,4.41,14.81,40.74,32.16,49.75,29.12,45.6
2026-10-02,9,4,2026-10-02 11:57:00,5,津インクル開設15周年記念レース,5,3931,黒崎 竜也,2,50,51,1,0,0.15,6.26,42.37,63.56,5.75,36.14,61.45,33.54,49.69,35.09,54.97
2026-10-02,9,4,2026-10-02 11:57:00,5,津インクル開設15周年記念レース,6,4215,吉島 祥之,2,42,52.8,0,0,0.16,5.51,37.1,52.42,4.98,35.71,45.24,40.45,60.67,32.96,50.28
2026-10-02,9,5,2026-10-02 12:25:00,5,津インクル開設15周年記念レース,1,4903,吉田 凌太朗,1,33,51.5,1,0,0.15,6.35,46.96,61.74,6.37,48.15,70.37,24.68,39.87,40.24,54.44
2026-10-02,9,5,2026-10-02 12:25:00,5,津インクル開設15周年記念レース,2,4380,鈴木 峻佑,3,42,53.3,0,0,0.17,4.88,29.31,43.97,3.93,21.43,35.71,40.46,53.76,33.33,48.39
2026-10-02,9,5,2026-10-02 12:25:00,5,津インクル開設15周年記念レース,3,3712,淺香 文武,3,52,54.8,0,0,0.17,4.76,33.68,45.26,5.03,32.26,50,28.14,43.71,32.31,45.64
2026-10-02,9,5,2026-10-02 12:25:00,5,津インクル開設15周年記念レース,4,5208,屋良 龍紀,3,29,51.5,1,0,0.15,4,20.69,40.23,0,0,0,30.34,46.9,40.49,59.51
2026-10-02,9,5,2026-10-02 12:25:00,5,津インクル開設15周年記念レース,5,4054,福嶋 智之,3,48,53.1,1,0,0.16,4.63,25.77,44.33,3.92,23.08,30.77,42.77,60.69,18.94,37.12
2026-10-02,9,5,2026-10-02 12:25:00,5,津インクル開設15周年記念レース,6,3891,谷口 健一,3,50,54.3,0,0,0.18,3.42,14.53,23.08,4.11,22.22,38.89,22.81,40.35,28.57,43.57
2026-10-02,9,6,2026-10-02 12:54:00,5,津インクル開設15周年記念レース,1,4094,中島 真二,3,45,52,0,0,0.18,4.59,26.88,40.86,5.74,36.84,63.16,30.77,46.15,33.13,54.22
2026-10-02,9,6,2026-10-02 12:54:00,5,津インクル開設15周年記念レース,2,4578,藤山 雅弘,2,37,52.1,0,0,0.18,5.85,41.61,61.31,5.96,47.37,59.65,26.99,37.42,34.24,57.07
2026-10-02,9,6,2026-10-02 12:54:00,5,津インクル開設15周年記念レース,3,4808,松尾 拓,2,38,51,0,0,0.16,6.34,46.15,63.08,6.63,48.26,69.77,39.46,55.1,32.79,51.64
2026-10-02,9,6,2026-10-02 12:54:00,5,津インクル開設15周年記念レース,4,3304,烏野 賢太,1,58,52,0,0,0.18,5.72,35.56,57.78,5.95,42.86,57.14,26.67,47.27,28.33,48.33
2026-10-02,9,6,2026-10-02 12:54:00,5,津インクル開設15周年記念レース,5,4402,乙藤 智史,2,41,53.9,0,0,0.17,6,43.97,59.48,4.83,25,41.67,31.82,53.9,39.6,58.39
2026-10-02,9,6,2026-10-02 12:54:00,5,津インクル開設15周年記念レース,6,5456,今村 天次朗,4,20,52,1,0,,2.07,2.99,7.46,0,0,0,29.61,43.02,26.67,45.93
2026-10-02,9,7,2026-10-02 13:24:00,5,津インクル開設15周年記念レース,1,4727,安部 慎一,3,39,53.3,0,0,0.16,4.33,18.75,37.5,4.75,25,50,31.67,49.44,27.46,45.07
2026-10-02,9,7,2026-10-02 13:24:00,5,津インクル開設15周年記念レース,2,4358,松本 庸平,3,42,52,0,0,0.22,4.43,27.36,42.45,4.7,30.95,44.44,27.1,38.06,32.74,50
2026-10-02,9,7,2026-10-02 13:24:00,5,津インクル開設15周年記念レース,3,4711,前出 達吉,2,36,51.5,0,0,0.16,6.05,43.75,66.07,4.56,22.22,44.44,30.39,45.3,35.91,50.28
2026-10-02,9,7,2026-10-02 13:24:00,5,津インクル開設15周年記念レース,4,5103,芝田 京介,4,28,53.2,0,0,0.2,3.96,24.56,29.82,3.33,0,16.67,45.22,62.42,37.2,51.83
2026-10-02,9,7,2026-10-02 13:24:00,5,津インクル開設15周年記念レース,5,4861,田中 宏樹,2,38,52,0,0,0.17,5.17,29.46,51.79,3.6,16,28,33.15,49.46,36.16,55.37
2026-10-02,9,7,2026-10-02 13:24:00,5,津インクル開設15周年記念レース,6,4073,大橋 純一郎,1,45,52,0,0,0.15,6.65,54.03,69.35,6.21,42.42,66.67,29.11,40.51,35,51.11
2026-10-02,9,8,2026-10-02 13:55:00,5,津インクル開設15周年記念レース,1,3454,井川 大作,3,55,56.4,0,0,0.17,5.28,35.42,55.21,4.41,14.81,40.74,32.16,49.75,29.12,45.6
2026-10-02,9,8,2026-10-02 13:55:00,5,津インクル開設15周年記念レース,2,4360,庄司 孝輔,2,41,52.6,0,0,0.18,5.45,32.2,51.69,5.33,29.63,55.56,37.11,56.6,31.41,50.64
2026-10-02,9,8,2026-10-02 13:55:00,5,津インクル開設15周年記念レース,3,4457,神田 達也,3,40,52,1,0,0.16,4.44,25.33,40,3.22,11.11,22.22,42.29,62.29,39.64,56.8
2026-10-02,9,8,2026-10-02 13:55:00,5,津インクル開設15周年記念レース,4,3743,林 美憲,1,51,52.5,0,0,0.15,5.65,42.55,53.9,6,42.11,63.16,27.6,46.88,36.67,56.67
2026-10-02,9,8,2026-10-02 13:55:00,5,津インクル開設15周年記念レース,5,4096,石橋 道友,1,44,52.3,0,0,0.15,6.66,50.42,61.34,6.63,48.15,70.37,31.58,46.71,36.02,48.45
2026-10-02,9,8,2026-10-02 13:55:00,5,津インクル開設15周年記念レース,6,4336,松田 竜馬,3,42,53.9,0,0,0.15,5.16,31.63,50,5.71,38.1,61.9,22.56,36.84,24.81,39.85
2026-10-02,9,9,2026-10-02 14:25:00,5,津インクル開設15周年記念レース,1,4319,三宅 潤,2,41,52.9,0,0,0.18,5.41,30.77,54.55,4.97,36.11,47.22,36.02,51.61,28.24,38.24
2026-10-02,9,9,2026-10-02 14:25:00,5,津インクル開設15周年記念レース,2,5266,石田 勇斗,3,26,53.4,1,0,0.15,4.31,21.98,38.46,3.35,18.6,23.26,35.25,53.24,32.2,48.31
2026-10-02,9,9,2026-10-02 14:25:00,5,津インクル開設15周年記念レース,3,4022,待鳥 雄紀,3,46,56.1,0,0,0.16,4.8,27,44,3.71,0,42.86,31.06,46.58,31.15,46.99
2026-10-02,9,9,2026-10-02 14:25:00,5,津インクル開設15周年記念レース,4,4002,古結 宏,1,48,52.3,0,0,0.14,6.7,52.31,70,6.31,50,67.31,28.57,45.05,35.45,52.38
2026-10-02,9,9,2026-10-02 14:25:00,5,津インクル開設15周年記念レース,5,4049,荒川 健太,2,46,54.8,0,0,0.17,5.95,38.28,60.94,6.65,49.25,68.66,38.55,56.02,39.02,60.98
2026-10-02,9,9,2026-10-02 14:25:00,5,津インクル開設15周年記念レース,6,4394,永嶋 裕一,2,40,53.5,0,0,0.15,6.03,38.46,65.81,6,42.86,71.43,24.03,42.86,33.6,49.6
2026-10-02,9,10,2026-10-02 15:00:00,5,津インクル開設15周年記念レース,1,4509,平見 真彦,2,37,53.3,1,0,0.18,6.24,44.44,66.67,5.78,38.89,50,46.15,62.64,37.11,55.35
2026-10-02,9,10,2026-10-02 15:00:00,5,津インクル開設15周年記念レース,2,4350,篠崎 元志,1,40,52.4,0,0,0.13,8.09,65.65,80.92,6.56,33.33,44.44,32.04,46.96,27.94,44.85
2026-10-02,9,10,2026-10-02 15:00:00,5,津インクル開設15周年記念レース,3,4625,渡邊 裕貴,3,40,52.8,0,0,0.17,5.16,30.77,46.15,4.52,30.77,40.38,27.61,41.72,35.36,53.04
2026-10-02,9,10,2026-10-02 15:00:00,5,津インクル開設15周年記念レース,4,4054,福嶋 智之,3,48,53.1,1,0,0.16,4.63,25.77,44.33,3.92,23.08,30.77,42.77,60.69,18.94,37.12
2026-10-02,9,10,2026-10-02 15:00:00,5,津インクル開設15周年記念レース,5,4808,松尾 拓,2,38,51,0,0,0.16,6.34,46.15,63.08,6.63,48.26,69.77,39.46,55.1,32.79,51.64
2026-10-02,9,10,2026-10-02 15:00:00,5,津インクル開設15周年記念レース,6,3811,石田 章央,1,50,53.5,1,0,0.16,6.06,45.99,61.31,5.7,39.39,54.55,38.24,56.47,29.87,49.35
2026-10-02,9,11,2026-10-02 15:35:00,5,津インクル開設15周年記念レース,1,3304,烏野 賢太,1,58,52,0,0,0.18,5.72,35.56,57.78,5.95,42.86,57.14,26.67,47.27,28.33,48.33
2026-10-02,9,11,2026-10-02 15:35:00,5,津インクル開設15周年記念レース,2,3647,伊藤 雄二,3,53,50,0,0,0.18,3.64,14.16,26.55,4.08,20.83,41.67,29.33,41.33,35.9,51.28
2026-10-02,9,11,2026-10-02 15:35:00,5,津インクル開設15周年記念レース,3,4215,吉島 祥之,2,42,52.8,0,0,0.16,5.51,37.1,52.42,4.98,35.71,45.24,40.45,60.67,32.96,50.28
2026-10-02,9,11,2026-10-02 15:35:00,5,津インクル開設15周年記念レース,4,4711,前出 達吉,2,36,51.5,0,0,0.16,6.05,43.75,66.07,4.56,22.22,44.44,30.39,45.3,35.91,50.28
2026-10-02,9,11,2026-10-02 15:35:00,5,津インクル開設15周年記念レース,5,4040,廣瀬 将亨,2,47,55.5,0,0,0.15,5.93,39.53,55.04,6,47.06,52.94,36.71,51.9,26.45,38.71
2026-10-02,9,11,2026-10-02 15:35:00,5,津インクル開設15周年記念レース,6,4380,鈴木 峻佑,3,42,53.3,0,0,0.17,4.88,29.31,43.97,3.93,21.43,35.71,40.46,53.76,33.33,48.39
2026-10-02,9,12,2026-10-02 16:12:00,5,津インクル開設15周年記念レース,1,4096,石橋 道友,1,44,52.3,0,0,0.15,6.66,50.42,61.34,6.63,48.15,70.37,31.58,46.71,36.02,48.45
2026-10-02,9,12,2026-10-02 16:12:00,5,津インクル開設15周年記念レース,2,3931,黒崎 竜也,2,50,51,1,0,0.15,6.26,42.37,63.56,5.75,36.14,61.45,33.54,49.69,35.09,54.97
2026-10-02,9,12,2026-10-02 16:12:00,5,津インクル開設15周年記念レース,3,4861,田中 宏樹,2,38,52,0,0,0.17,5.17,29.46,51.79,3.6,16,28,33.15,49.46,36.16,55.37
2026-10-02,9,12,2026-10-02 16:12:00,5,津インクル開設15周年記念レース,4,4903,吉田 凌太朗,1,33,51.5,1,0,0.15,6.35,46.96,61.74,6.37,48.15,70.37,24.68,39.87,40.24,54.44
2026-10-02,9,12,2026-10-02 16:12:00,5,津インクル開設15周年記念レース,5,3550,都築 正治,3,55,52.1,0,0,0.16,5.3,37.1,52.42,5.77,40.91,56.82,37.57,50.79,34.78,49.07
2026-10-02,9,12,2026-10-02 16:12:00,5,津インクル開設15周年記念レース,6,4578,藤山 雅弘,2,37,52.1,0,0,0.18,5.85,41.61,61.31,5.96,47.37,59.65,26.99,37.42,34.24,57.07
2026-10-02,12,1,2026-10-02 15:18:00,5,2026東京・大阪・福岡三都市対抗戦,1,4138,中井 俊祐,3,45,52,0,0,0.16,4.51,30.23,41.86,5.23,32.69,51.92,27.1,48.6,38.61,57.43
2026-10-02,12,1,2026-10-02 15:18:00,5,2026東京・大阪・福岡三都市対抗戦,2,4697,國弘 翔平,3,40,50.5,0,0,0.17,4.47,22.68,43.3,3.64,28.57,28.57,31.78,42.99,29.7,44.55
2026-10-02,12,1,2026-10-02 15:18:00,5,2026東京・大阪・福岡三都市対抗戦,3,3602,奥平 拓也,3,56,52.6,0,0,0.21,4.37,22.62,39.29,5.06,27.78,44.44,50,66.04,27.45,36.27
2026-10-02,12,1,2026-10-02 15:18:00,5,2026東京・大阪・福岡三都市対抗戦,4,4651,佐藤 大騎,3,41,52.3,0,0,0.18,3.68,12.31,24.62,3.24,9.8,17.65,42.99,57.01,24.21,43.16
2026-10-02,12,1,2026-10-02 15:18:00,5,2026東京・大阪・福岡三都市対抗戦,5,4059,入澤 友治,3,47,55.1,2,0,0.16,3.84,13.95,32.56,5.78,38.89,61.11,19.23,35.58,22.33,33.98
2026-10-02,12,1,2026-10-02 15:18:00,5,2026東京・大阪・福岡三都市対抗戦,6,3564,桑原 啓,3,56,52.6,0,0,0.16,4.4,28,39,4.28,22.22,33.33,30.84,43.93,46.88,66.67
2026-10-02,12,2,2026-10-02 15:44:00,5,2026東京・大阪・福岡三都市対抗戦,1,4598,加藤 政彦,3,42,52.2,0,0,0.16,5.86,42.31,57.69,4.4,30,40,32.74,46.02,36.46,51.04
2026-10-02,12,2,2026-10-02 15:44:00,5,2026東京・大阪・福岡三都市対抗戦,2,3432,宮迫 暢彦,3,58,52,1,0,0.18,3.96,18.06,36.11,4.86,25,46.43,36.45,55.14,36.36,56.57
2026-10-02,12,2,2026-10-02 15:44:00,5,2026東京・大阪・福岡三都市対抗戦,3,3613,角谷 健吾,2,53,52,0,0,0.16,5.96,42.34,62.16,5.32,36.36,45.45,36.04,47.75,24.75,39.6
2026-10-02,12,2,2026-10-02 15:44:00,5,2026東京・大阪・福岡三都市対抗戦,4,5409,宮本 琉正,4,21,55.8,0,0,0.16,2.89,12.96,16.67,0,0,0,17.92,34.91,34.62,53.85
2026-10-02,12,2,2026-10-02 15:44:00,5,2026東京・大阪・福岡三都市対抗戦,5,4330,奈須 啓太,2,43,52,0,0,0.12,6.17,46.79,63.3,6.54,48.57,71.43,44.34,58.49,32.69,44.23
2026-10-02,12,2,2026-10-02 15:44:00,5,2026東京・大阪・福岡三都市対抗戦,6,4099,吉永 則雄,2,47,52.5,0,0,0.17,5.54,38.95,55.79,7.17,58.33,83.33,36.79,62.26,33.67,60.2
2026-10-02,12,3,2026-10-02 16:10:00,5,2026東京・大阪・福岡三都市対抗戦,1,4367,山口 修路,3,40,52.7,0,0,0.23,4.51,18.6,45.35,5.54,31.43,62.86,22.73,42.73,28.57,42.86
2026-10-02,12,3,2026-10-02 16:10:00,5,2026東京・大阪・福岡三都市対抗戦,2,4082,濱崎 誠,3,47,52,1,0,0.18,6.01,43.48,65.22,5.22,35.14,48.65,33.03,50.46,40,54.29
2026-10-02,12,3,2026-10-02 16:10:00,5,2026東京・大阪・福岡三都市対抗戦,3,4351,里岡 右貴,1,40,53,1,0,0.13,7.07,54.64,75.26,0,0,0,40.37,60.55,23.58,44.34
2026-10-02,12,3,2026-10-02 16:10:00,5,2026東京・大阪・福岡三都市対抗戦,4,4086,寺本 重宣,2,46,50,0,0,0.15,6.13,42,59,5.55,31.82,45.45,33.64,49.09,50.51,66.67
2026-10-02,12,3,2026-10-02 16:10:00,5,2026東京・大阪・福岡三都市対抗戦,5,4211,村田 敦,3,43,58.6,0,0,0.15,4.73,30.61,44.9,5.02,29.27,51.22,28.95,45.61,29.52,45.71
2026-10-02,12,3,2026-10-02 16:10:00,5,2026東京・大阪・福岡三都市対抗戦,6,5450,藤本 遼磨,4,23,52.1,1,0,,2.05,1.82,5.45,1.58,0,0,28.3,41.51,29.41,47.06
2026-10-02,12,4,2026-10-02 16:34:00,5,2026東京・大阪・福岡三都市対抗戦,1,4104,木下 陽介,3,47,54.7,0,0,0.15,4.81,31.43,47.14,3.75,12.5,25,26.32,43.86,31.25,46.88
2026-10-02,12,4,2026-10-02 16:34:00,5,2026東京・大阪・福岡三都市対抗戦,2,4427,秦 英悟,1,41,52,0,0,0.14,7.11,57.01,71.03,6.33,43.09,58.54,29.09,43.64,30.39,45.1
2026-10-02,12,4,2026-10-02 16:34:00,5,2026東京・大阪・福岡三都市対抗戦,3,3107,平岡 重典,3,62,52,0,0,0.18,3.87,17.02,27.66,4.91,26.47,44.12,24.56,43.86,41.67,59.26
2026-10-02,12,4,2026-10-02 16:34:00,5,2026東京・大阪・福岡三都市対抗戦,4,4122,安東 幸治,2,44,54.6,0,0,0.17,5.58,37.17,54.87,5.65,41.18,47.06,49.54,63.3,39.22,51.96
2026-10-02,12,4,2026-10-02 16:34:00,5,2026東京・大阪・福岡三都市対抗戦,5,4944,田代 達也,3,35,52.8,0,0,0.17,4.2,17.05,36.36,5.13,37.5,50,24.77,39.45,27.88,40.38
2026-10-02,12,4,2026-10-02 16:34:00,5,2026東京・大阪・福岡三都市対抗戦,6,5022,伊藤 尚汰,3,31,50.5,0,0,0.18,4.18,27.38,38.1,4.07,25.93,25.93,23.15,42.59,42,57
2026-10-02,12,5,2026-10-02 17:01:00,5,2026東京・大阪・福岡三都市対抗戦,1,4422,永井 亮次,3,38,52,0,0,0.18,4.46,22.22,40.28,5.05,27.27,51.14,16.81,35.4,24.53,44.34
2026-10-02,12,5,2026-10-02 17:01:00,5,2026東京・大阪・福岡三都市対抗戦,2,4608,荒井 翔伍,2,37,54.1,0,0,0.17,6.06,43.75,60.94,6.5,55,65,28.18,41.82,37.11,55.67
2026-10-02,12,5,2026-10-02 17:01:00,5,2026東京・大阪・福岡三都市対抗戦,3,4138,中井 俊祐,3,45,52,0,0,0.16,4.51,30.23,41.86,5.23,32.69,51.92,27.1,48.6,38.61,57.43
2026-10-02,12,5,2026-10-02 17:01:00,5,2026東京・大阪・福岡三都市対抗戦,4,5105,富田 恕生,3,27,52,0,0,0.18,4.15,22.68,34.02,4.75,30,50,34.86,52.29,29.25,48.11
2026-10-02,12,5,2026-10-02 17:01:00,5,2026東京・大阪・福岡三都市対抗戦,5,4424,松尾 昂明,2,41,52,0,0,0.16,5.4,33.04,50.43,4.89,22.22,55.56,19.27,41.28,33.65,55.77
2026-10-02,12,5,2026-10-02 17:01:00,5,2026東京・大阪・福岡三都市対抗戦,6,4995,田邉 亮蔵,3,35,54.3,0,0,0.19,4.21,22.54,39.44,3.78,17.39,21.74,28.7,43.52,35.05,50.52
2026-10-02,12,6,2026-10-02 17:25:00,5,2026東京・大阪・福岡三都市対抗戦,1,4314,青木 幸太郎,2,42,51.5,0,0,0.16,5.95,40.38,61.54,6.11,31.58,63.16,37.96,53.7,36.84,58.95
2026-10-02,12,6,2026-10-02 17:25:00,5,2026東京・大阪・福岡三都市対抗戦,2,4042,丸岡 正典,2,47,52.2,1,0,0.17,6.98,48.28,71.26,6.25,40.18,58.93,40.91,53.64,40.2,59.8
2026-10-02,12,6,2026-10-02 17:25:00,5,2026東京・大阪・福岡三都市対抗戦,3,3722,西村 秀樹,3,56,52.8,0,0,0.19,3.94,12.5,27.78,3.25,0,12.5,23.89,38.05,43.75,56.25
2026-10-02,12,6,2026-10-02 17:25:00,5,2026東京・大阪・福岡三都市対抗戦,4,4366,前沢 丈史,1,40,55.7,1,0,0.14,6.09,37.08,62.92,6.96,52.17,73.91,27.68,41.07,40.21,59.79
2026-10-02,12,6,2026-10-02 17:25:00,5,2026東京・大阪・福岡三都市対抗戦,5,4598,加藤 政彦,3,42,52.2,0,0,0.16,5.86,42.31,57.69,4.4,30,40,32.74,46.02,36.46,51.04
2026-10-02,12,6,2026-10-02 17:25:00,5,2026東京・大阪・福岡三都市対抗戦,6,3904,森 貴洋,3,49,53.9,0,0,0.18,4.88,33.33,51.19,6.1,45.71,67.14,29.2,46.02,27.72,41.58
2026-10-02,12,7,2026-10-02 17:52:00,5,2026東京・大阪・福岡三都市対抗戦,1,3951,石川 吉鎬,3,50,53.8,1,0,0.2,4.77,25.3,40.96,5.4,35,52.5,29.36,50.46,36.63,57.43
2026-10-02,12,7,2026-10-02 17:52:00,5,2026東京・大阪・福岡三都市対抗戦,2,5028,原田 才一郎,1,29,52,0,0,0.18,7.08,55.91,71.65,6.04,39.13,65.22,34.55,52.73,25.24,40.78
2026-10-02,12,7,2026-10-02 17:52:00,5,2026東京・大阪・福岡三都市対抗戦,3,4560,庄司 樹良々,2,35,53,1,0,0.15,5.53,28.79,54.55,5.77,38.46,56.41,32.73,59.09,36.19,57.14
2026-10-02,12,7,2026-10-02 17:52:00,5,2026東京・大阪・福岡三都市対抗戦,4,3602,奥平 拓也,3,56,52.6,0,0,0.21,4.37,22.62,39.29,5.06,27.78,44.44,50,66.04,27.45,36.27
2026-10-02,12,7,2026-10-02 17:52:00,5,2026東京・大阪・福岡三都市対抗戦,5,4367,山口 修路,3,40,52.7,0,0,0.23,4.51,18.6,45.35,5.54,31.43,62.86,22.73,42.73,28.57,42.86
2026-10-02,12,7,2026-10-02 17:52:00,5,2026東京・大阪・福岡三都市対抗戦,6,3432,宮迫 暢彦,3,58,52,1,0,0.18,3.96,18.06,36.11,4.86,25,46.43,36.45,55.14,36.36,56.57
2026-10-02,12,8,2026-10-02 18:22:00,5,2026東京・大阪・福岡三都市対抗戦,1,5289,佃 來紀,2,25,52,1,0,0.16,5.61,38.94,56.64,4.43,20.87,40.87,26.55,50.44,41.98,59.26
2026-10-02,12,8,2026-10-02 18:22:00,5,2026東京・大阪・福岡三都市対抗戦,2,4330,奈須 啓太,2,43,52,0,0,0.12,6.17,46.79,63.3,6.54,48.57,71.43,44.34,58.49,32.69,44.23
2026-10-02,12,8,2026-10-02 18:22:00,5,2026東京・大阪・福岡三都市対抗戦,3,4702,三浦 敬太,1,39,51.5,0,0,0.14,5.92,42.35,60,6.3,48.48,63.64,31.13,49.06,26.26,48.48
2026-10-02,12,8,2026-10-02 18:22:00,5,2026東京・大阪・福岡三都市対抗戦,4,4211,村田 敦,3,43,58.6,0,0,0.15,4.73,30.61,44.9,5.02,29.27,51.22,28.95,45.61,29.52,45.71
2026-10-02,12,8,2026-10-02 18:22:00,5,2026東京・大阪・福岡三都市対抗戦,5,5221,竹間 隆晟,1,25,52.9,0,0,0.15,6.74,52.48,71.29,5.82,39.13,55.8,29.36,48.62,38.78,54.08
2026-10-02,12,8,2026-10-02 18:22:00,5,2026東京・大阪・福岡三都市対抗戦,6,4395,下河 雅史,3,40,54.1,1,0,0.18,4.73,25.58,43.02,0,0,0,27.83,45.22,26.17,41.12
2026-10-02,12,9,2026-10-02 18:52:00,5,2026東京・大阪・福岡三都市対抗戦,1,4086,寺本 重宣,2,46,50,0,0,0.15,6.13,42,59,5.55,31.82,45.45,33.64,49.09,50.51,66.67
2026-10-02,12,9,2026-10-02 18:52:00,5,2026東京・大阪・福岡三都市対抗戦,2,4815,伏島 祐介,3,36,52,0,0,0.2,4.51,25.64,35.9,5.43,34.78,43.48,38.89,59.26,37.86,53.4
2026-10-02,12,9,2026-10-02 18:52:00,5,2026東京・大阪・福岡三都市対抗戦,3,4357,田中 和也,1,42,52.2,0,0,0.18,6.74,54.7,70.09,6.68,60.38,67.92,32.74,55.75,30.61,45.92
2026-10-02,12,9,2026-10-02 18:52:00,5,2026東京・大阪・福岡三都市対抗戦,4,4424,松尾 昂明,2,41,52,0,0,0.16,5.4,33.04,50.43,4.89,22.22,55.56,19.27,41.28,33.65,55.77
2026-10-02,12,9,2026-10-02 18:52:00,5,2026東京・大阪・福岡三都市対抗戦,5,3107,平岡 重典,3,62,52,0,0,0.18,3.87,17.02,27.66,4.91,26.47,44.12,24.56,43.86,41.67,59.26
2026-10-02,12,9,2026-10-02 18:52:00,5,2026東京・大阪・福岡三都市対抗戦,6,5409,宮本 琉正,4,21,55.8,0,0,0.16,2.89,12.96,16.67,0,0,0,17.92,34.91,34.62,53.85
2026-10-02,12,10,2026-10-02 19:24:00,5,2026東京・大阪・福岡三都市対抗戦,1,4136,江夏 満,1,46,53.3,0,0,0.17,6.3,41.27,65.08,6.22,51.85,62.96,46.36,61.82,28.04,41.12
2026-10-02,12,10,2026-10-02 19:24:00,5,2026東京・大阪・福岡三都市対抗戦,2,4976,金山 立樹,3,32,52,0,0,0.2,4.82,25.81,49.46,5,33.33,55.56,37.5,59.82,27.45,47.06
2026-10-02,12,10,2026-10-02 19:24:00,5,2026東京・大阪・福岡三都市対抗戦,3,3564,桑原 啓,3,56,52.6,0,0,0.16,4.4,28,39,4.28,22.22,33.33,30.84,43.93,46.88,66.67
2026-10-02,12,10,2026-10-02 19:24:00,5,2026東京・大阪・福岡三都市対抗戦,4,4422,永井 亮次,3,38,52,0,0,0.18,4.46,22.22,40.28,5.05,27.27,51.14,16.81,35.4,24.53,44.34
2026-10-02,12,10,2026-10-02 19:24:00,5,2026東京・大阪・福岡三都市対抗戦,5,4427,秦 英悟,1,41,52,0,0,0.14,7.11,57.01,71.03,6.33,43.09,58.54,29.09,43.64,30.39,45.1
2026-10-02,12,10,2026-10-02 19:24:00,5,2026東京・大阪・福岡三都市対抗戦,6,3613,角谷 健吾,2,53,52,0,0,0.16,5.96,42.34,62.16,5.32,36.36,45.45,36.04,47.75,24.75,39.6
2026-10-02,12,11,2026-10-02 20:02:00,5,2026東京・大阪・福岡三都市対抗戦,1,4759,今泉 友吾,1,36,52,0,0,0.16,7.29,53.97,76.98,6.95,46.15,76.92,27.68,39.29,28.21,44.87
2026-10-02,12,11,2026-10-02 20:02:00,5,2026東京・大阪・福岡三都市対抗戦,2,5022,伊藤 尚汰,3,31,50.5,0,0,0.18,4.18,27.38,38.1,4.07,25.93,25.93,23.15,42.59,42,57
2026-10-02,12,11,2026-10-02 20:02:00,5,2026東京・大阪・福岡三都市対抗戦,3,4272,大場 広孝,3,44,56.9,0,0,0.17,5.04,32.11,47.71,0,0,0,40.91,54.55,44.33,55.67
2026-10-02,12,11,2026-10-02 20:02:00,5,2026東京・大阪・福岡三都市対抗戦,4,4042,丸岡 正典,2,47,52.2,1,0,0.17,6.98,48.28,71.26,6.25,40.18,58.93,40.91,53.64,40.2,59.8
2026-10-02,12,11,2026-10-02 20:02:00,5,2026東京・大阪・福岡三都市対抗戦,5,4411,沢田 昭宏,2,40,53.1,0,0,0.19,5.46,33.04,52.68,5.05,30.11,51.61,40.91,55.45,30.84,49.53
2026-10-02,12,11,2026-10-02 20:02:00,5,2026東京・大阪・福岡三都市対抗戦,6,4608,荒井 翔伍,2,37,54.1,0,0,0.17,6.06,43.75,60.94,6.5,55,65,28.18,41.82,37.11,55.67
2026-10-02,12,12,2026-10-02 20:31:00,5,2026東京・大阪・福岡三都市対抗戦,1,5028,原田 才一郎,1,29,52,0,0,0.18,7.08,55.91,71.65,6.04,39.13,65.22,34.55,52.73,25.24,40.78
2026-10-02,12,12,2026-10-02 20:31:00,5,2026東京・大阪・福岡三都市対抗戦,2,4366,前沢 丈史,1,40,55.7,1,0,0.14,6.09,37.08,62.92,6.96,52.17,73.91,27.68,41.07,40.21,59.79
2026-10-02,12,12,2026-10-02 20:31:00,5,2026東京・大阪・福岡三都市対抗戦,3,4099,吉永 則雄,2,47,52.5,0,0,0.17,5.54,38.95,55.79,7.17,58.33,83.33,36.79,62.26,33.67,60.2
2026-10-02,12,12,2026-10-02 20:31:00,5,2026東京・大阪・福岡三都市対抗戦,4,5289,佃 來紀,2,25,52,1,0,0.16,5.61,38.94,56.64,4.43,20.87,40.87,26.55,50.44,41.98,59.26
2026-10-02,12,12,2026-10-02 20:31:00,5,2026東京・大阪・福岡三都市対抗戦,5,4351,里岡 右貴,1,40,53,1,0,0.13,7.07,54.64,75.26,0,0,0,40.37,60.55,23.58,44.34
2026-10-02,12,12,2026-10-02 20:31:00,5,2026東京・大阪・福岡三都市対抗戦,6,4944,田代 達也,3,35,52.8,0,0,0.17,4.2,17.05,36.36,5.13,37.5,50,24.77,39.45,27.88,40.38
2026-10-02,13,1,2026-10-02 10:35:00,5,BTS京丹後開設11周年記念競走,1,5340,樋江井 舞,3,25,44.5,0,0,0.16,4.21,23.33,37.78,3.53,17.65,23.53,25.6,43.2,36.8,52
2026-10-02,13,1,2026-10-02 10:35:00,5,BTS京丹後開設11周年記念競走,2,4106,坂井 康嗣,3,46,52.1,0,0,0.19,4.04,22.86,31.43,3.21,14.29,21.43,40,56,20.17,36.97
2026-10-02,13,1,2026-10-02 10:35:00,5,BTS京丹後開設11周年記念競走,3,3654,武田 光史,2,53,51.5,1,0,0.16,6.66,53.27,72.9,6,38.46,51.28,33.85,50,30.83,50
2026-10-02,13,1,2026-10-02 10:35:00,5,BTS京丹後開設11周年記念競走,4,3901,松田 憲幸,4,49,52,0,0,0.22,4.77,33.68,45.26,3.5,20,30,22.41,43.1,29.75,53.72
2026-10-02,13,1,2026-10-02 10:35:00,5,BTS京丹後開設11周年記念競走,5,5128,坪井 爽佑,3,29,53.5,1,0,0.18,3.79,14.75,31.15,2.92,8.33,16.67,28.79,50,40,56
2026-10-02,13,1,2026-10-02 10:35:00,5,BTS京丹後開設11周年記念競走,6,4683,向井田 直弥,4,36,47,0,0,0.13,3.54,14.81,29.63,5.29,28.57,42.86,29.84,41.94,26.67,39.17
2026-10-02,13,2,2026-10-02 11:02:00,5,BTS京丹後開設11周年記念競走,1,5264,登 みひ果,3,26,44,1,0,0.15,4.91,30.34,43.82,4.33,21.47,36.16,29.85,50,30.58,46.28
2026-10-02,13,2,2026-10-02 11:02:00,5,BTS京丹後開設11周年記念競走,2,3286,坂東 満,4,58,53.4,0,0,0.17,3.46,22,28,5.29,28.57,57.14,48.78,61.79,32.79,51.64
2026-10-02,13,2,2026-10-02 11:02:00,5,BTS京丹後開設11周年記念競走,3,4675,井手 良太,2,38,51,0,0,0.14,5.59,34.21,56.58,4.79,42.86,42.86,22.41,43.1,31.4,51.24
2026-10-02,13,2,2026-10-02 11:02:00,5,BTS京丹後開設11周年記念競走,4,4254,川島 圭司,2,43,52,0,0,0.15,5.81,40.68,59.32,5.47,26.32,52.63,33.59,48.85,36.89,51.64
2026-10-02,13,2,2026-10-02 11:02:00,5,BTS京丹後開設11周年記念競走,5,4548,篠木 亜衣花,3,38,49.5,1,0,0.24,2.87,10.53,21.05,1,0,0,32.77,47.9,27.27,48.76
2026-10-02,13,2,2026-10-02 11:02:00,5,BTS京丹後開設11周年記念競走,6,4429,豊田 泰洋,3,41,57.5,0,0,0.19,3.19,11.36,20.45,2.83,8.33,16.67,39.53,51.94,25.41,45.9
2026-10-02,13,3,2026-10-02 11:31:00,5,BTS京丹後開設11周年記念競走,1,5308,藤森 拓海,3,22,52,0,0,0.17,4.34,23.96,37.5,5.32,36.84,52.63,38.89,50,37.9,61.29
2026-10-02,13,3,2026-10-02 11:31:00,5,BTS京丹後開設11周年記念競走,2,3614,谷 勝幸,3,53,54.1,0,0,0.17,4.26,21.15,35.58,2.29,0,0,40.31,59.69,32.52,48.78
2026-10-02,13,3,2026-10-02 11:31:00,5,BTS京丹後開設11周年記念競走,3,4365,盛本 真輔,2,41,52,0,0,0.18,5.92,39.62,61.32,5.42,33.94,55.96,31.3,51.91,23.81,40.48
2026-10-02,13,3,2026-10-02 11:31:00,5,BTS京丹後開設11周年記念競走,4,4664,東口 晃,3,43,52.9,0,0,0.2,3.98,18.6,32.56,2.89,11.11,11.11,29.03,44.35,38.79,54.31
2026-10-02,13,3,2026-10-02 11:31:00,5,BTS京丹後開設11周年記念競走,5,4819,蜂須 瑞生,2,35,46.5,1,0,0.17,5.02,29.23,43.08,7.1,55,80,29.75,49.59,36.67,51.67
2026-10-02,13,3,2026-10-02 11:31:00,5,BTS京丹後開設11周年記念競走,6,4150,山田 雄太,2,44,55.3,0,0,0.15,6.03,42.42,62.63,6.78,55.56,77.78,34.65,52.76,33.61,49.18
2026-10-02,13,4,2026-10-02 12:02:00,5,BTS京丹後開設11周年記念競走,1,3606,川北 浩貴,3,54,52,0,0,0.16,5.59,36.26,51.65,5.45,35,60,25.81,42.74,30.83,52.5
2026-10-02,13,4,2026-10-02 12:02:00,5,BTS京丹後開設11周年記念競走,2,3995,重野 哲之,2,47,54,1,0,0.11,6.28,47.54,62.3,7.65,60,80,18.45,34.95,31.45,45.16
2026-10-02,13,4,2026-10-02 12:02:00,5,BTS京丹後開設11周年記念競走,3,5218,山田 理央,1,26,46,1,0,0.15,5.35,32.14,54.76,5.5,37.5,62.5,31.5,45.67,28,40.8
2026-10-02,13,4,2026-10-02 12:02:00,5,BTS京丹後開設11周年記念競走,4,3974,深山 祐二,3,49,52,0,0,0.16,4.49,23.08,40.66,3.88,28,32,30.16,50.79,39.52,64.52
2026-10-02,13,4,2026-10-02 12:02:00,5,BTS京丹後開設11周年記念競走,5,4539,金子 賢志,1,35,52,0,0,0.13,6.11,41.23,58.77,5.61,34.21,57.89,25.6,42.4,44.26,54.1
2026-10-02,13,4,2026-10-02 12:02:00,5,BTS京丹後開設11周年記念競走,6,5259,野田 昇吾,4,33,56.1,0,0,0.18,3.4,7.69,27.69,3.67,22.22,33.33,37.01,55.12,29.84,47.58
2026-10-02,13,5,2026-10-02 12:34:00,5,BTS京丹後開設11周年記念競走,1,4962,畑 竜生,2,30,52,0,0,0.17,5.36,36.52,50.43,6.8,50,80,24.19,48.39,32.52,51.22
2026-10-02,13,5,2026-10-02 12:34:00,5,BTS京丹後開設11周年記念競走,2,4700,金子 和之,2,39,52,0,0,0.15,6.34,45.28,65.09,6.74,52.63,78.95,29.77,45.04,38.52,55.74
2026-10-02,13,5,2026-10-02 12:34:00,5,BTS京丹後開設11周年記念競走,3,3478,嶋田 貴支,3,55,52.2,0,0,0.17,5.19,33,54,4.65,20.59,47.06,41.98,58.02,39.67,55.37
2026-10-02,13,5,2026-10-02 12:34:00,5,BTS京丹後開設11周年記念競走,4,5281,井上 遥妃,1,23,46,1,0,0.14,5.82,39.56,47.25,7,52.38,71.43,39.39,58.33,45.08,53.28
2026-10-02,13,5,2026-10-02 12:34:00,5,BTS京丹後開設11周年記念競走,5,4219,本岡 勝利,3,44,52.2,1,0,0.19,3.91,10,27.14,4.53,26.67,46.67,40.15,56.82,31.45,46.77
2026-10-02,13,5,2026-10-02 12:34:00,5,BTS京丹後開設11周年記念競走,6,3434,松尾 宣邦,3,57,54.2,0,0,0.18,4.6,27.78,42.22,3.92,25,33.33,36.92,53.85,36.52,53.91
2026-10-02,13,6,2026-10-02 13:03:00,5,BTS京丹後開設11周年記念競走,1,3514,山一 鉄也,2,59,52,0,0,0.17,5.46,36,52,5.62,42.31,57.69,36.51,52.38,43.09,53.66
2026-10-02,13,6,2026-10-02 13:03:00,5,BTS京丹後開設11周年記念競走,2,3790,佐口 達也,3,54,53.6,0,0,0.2,4.55,23.6,38.2,4,25,25,27.91,46.51,30.47,50
2026-10-02,13,6,2026-10-02 13:03:00,5,BTS京丹後開設11周年記念競走,3,4443,津田 裕絵,3,40,50.4,0,0,0.19,5.59,40.78,53.4,5.91,31.82,68.18,15.09,32.08,33.06,47.11
2026-10-02,13,6,2026-10-02 13:03:00,5,BTS京丹後開設11周年記念競走,4,3556,田中 信一郎,1,53,54.2,0,0,0.14,7.1,57.66,76.58,6.65,48.98,57.14,41.27,50.79,38.71,57.26
2026-10-02,13,6,2026-10-02 13:03:00,5,BTS京丹後開設11周年記念競走,5,3286,坂東 満,4,58,53.4,0,0,0.17,3.46,22,28,5.29,28.57,57.14,48.78,61.79,32.79,51.64
2026-10-02,13,6,2026-10-02 13:03:00,5,BTS京丹後開設11周年記念競走,6,4106,坂井 康嗣,3,46,52.1,0,0,0.19,4.04,22.86,31.43,3.21,14.29,21.43,40,56,20.17,36.97
2026-10-02,13,7,2026-10-02 13:30:00,5,BTS京丹後開設11周年記念競走,1,5128,坪井 爽佑,3,29,53.5,1,0,0.18,3.79,14.75,31.15,2.92,8.33,16.67,28.79,50,40,56
2026-10-02,13,7,2026-10-02 13:30:00,5,BTS京丹後開設11周年記念競走,2,4298,宮下 元胤,2,43,53.9,0,0,0.16,5.73,36.89,59.22,7.27,63.64,72.73,34.68,46.77,36.36,59.5
2026-10-02,13,7,2026-10-02 13:30:00,5,BTS京丹後開設11周年記念競走,3,4546,浜田 亜理沙,3,38,47,0,0,0.17,7.12,55.56,77.78,7.12,55.88,76.47,22.41,33.62,39.68,54.76
2026-10-02,13,7,2026-10-02 13:30:00,5,BTS京丹後開設11周年記念競走,4,4675,井手 良太,2,38,51,0,0,0.14,5.59,34.21,56.58,4.79,42.86,42.86,22.41,43.1,31.4,51.24
2026-10-02,13,7,2026-10-02 13:30:00,5,BTS京丹後開設11周年記念競走,5,5031,渡辺 空依,3,29,53,0,0,0.18,4.93,32.53,46.99,4.29,14.29,42.86,36.29,58.87,34.17,51.67
2026-10-02,13,7,2026-10-02 13:30:00,5,BTS京丹後開設11周年記念競走,6,3854,吉川 元浩,1,54,52,1,0,0.14,7.06,49.5,70.3,7.43,53.85,73.08,17.89,34.96,31.45,48.39
2026-10-02,13,8,2026-10-02 14:03:00,5,BTS京丹後開設11周年記念競走,1,4365,盛本 真輔,2,41,52,0,0,0.18,5.92,39.62,61.32,5.42,33.94,55.96,31.3,51.91,23.81,40.48
2026-10-02,13,8,2026-10-02 14:03:00,5,BTS京丹後開設11周年記念競走,2,4548,篠木 亜衣花,3,38,49.5,1,0,0.24,2.87,10.53,21.05,1,0,0,32.77,47.9,27.27,48.76
2026-10-02,13,8,2026-10-02 14:03:00,5,BTS京丹後開設11周年記念競走,3,4531,武富 智亮,2,37,53.1,0,0,0.16,6.31,48.28,65.52,5.3,30,50,44.72,62.6,48.78,60.16
2026-10-02,13,8,2026-10-02 14:03:00,5,BTS京丹後開設11周年記念競走,4,5259,野田 昇吾,4,33,56.1,0,0,0.18,3.4,7.69,27.69,3.67,22.22,33.33,37.01,55.12,29.84,47.58
2026-10-02,13,8,2026-10-02 14:03:00,5,BTS京丹後開設11周年記念競走,5,4226,村田 浩司,3,44,51.5,0,0,0.15,4.06,16.87,37.35,0,0,0,25,40,28.81,43.22
2026-10-02,13,8,2026-10-02 14:03:00,5,BTS京丹後開設11周年記念競走,6,3654,武田 光史,2,53,51.5,1,0,0.16,6.66,53.27,72.9,6,38.46,51.28,33.85,50,30.83,50
2026-10-02,13,9,2026-10-02 14:40:00,5,BTS京丹後開設11周年記念競走,1,5257,西丸 侑太朗,1,22,52,0,0,0.16,6.54,47.58,64.52,6.36,46.43,60.71,38.28,53.91,35,56.67
2026-10-02,13,9,2026-10-02 14:40:00,5,BTS京丹後開設11周年記念競走,2,4664,東口 晃,3,43,52.9,0,0,0.2,3.98,18.6,32.56,2.89,11.11,11.11,29.03,44.35,38.79,54.31
2026-10-02,13,9,2026-10-02 14:40:00,5,BTS京丹後開設11周年記念競走,3,4962,畑 竜生,2,30,52,0,0,0.17,5.36,36.52,50.43,6.8,50,80,24.19,48.39,32.52,51.22
2026-10-02,13,9,2026-10-02 14:40:00,5,BTS京丹後開設11周年記念競走,4,5340,樋江井 舞,3,25,44.5,0,0,0.16,4.21,23.33,37.78,3.53,17.65,23.53,25.6,43.2,36.8,52
2026-10-02,13,9,2026-10-02 14:40:00,5,BTS京丹後開設11周年記念競走,5,4639,雑賀 勇貴,3,35,52.2,1,0,0.16,4.01,22.62,32.14,4.74,26.47,41.18,38.17,59.54,31.97,46.72
2026-10-02,13,9,2026-10-02 14:40:00,5,BTS京丹後開設11周年記念競走,6,5161,登玉 隼百,2,27,53.9,0,0,0.15,5.59,37.78,56.67,5.55,36.84,53.38,34.19,47.01,31.2,47.2
2026-10-02,13,10,2026-10-02 15:16:00,5,BTS京丹後開設11周年記念競走,1,3556,田中 信一郎,1,53,54.2,0,0,0.14,7.1,57.66,76.58,6.65,48.98,57.14,41.27,50.79,38.71,57.26
2026-10-02,13,10,2026-10-02 15:16:00,5,BTS京丹後開設11周年記念競走,2,4254,川島 圭司,2,43,52,0,0,0.15,5.81,40.68,59.32,5.47,26.32,52.63,33.59,48.85,36.89,51.64
2026-10-02,13,10,2026-10-02 15:16:00,5,BTS京丹後開設11周年記念競走,3,4987,島倉 都,3,29,47.2,0,0,0.18,3.85,18.82,29.41,3.18,7.14,21.43,46.34,69.11,34.13,48.41
2026-10-02,13,10,2026-10-02 15:16:00,5,BTS京丹後開設11周年記念競走,4,3995,重野 哲之,2,47,54,1,0,0.11,6.28,47.54,62.3,7.65,60,80,18.45,34.95,31.45,45.16
2026-10-02,13,10,2026-10-02 15:16:00,5,BTS京丹後開設11周年記念競走,5,5308,藤森 拓海,3,22,52,0,0,0.17,4.34,23.96,37.5,5.32,36.84,52.63,38.89,50,37.9,61.29
2026-10-02,13,10,2026-10-02 15:16:00,5,BTS京丹後開設11周年記念競走,6,4700,金子 和之,2,39,52,0,0,0.15,6.34,45.28,65.09,6.74,52.63,78.95,29.77,45.04,38.52,55.74
2026-10-02,13,11,2026-10-02 15:46:00,5,BTS京丹後開設11周年記念競走,1,4518,大須賀 友,1,39,52,1,0,0.16,6.45,51.35,68.92,7.11,61.11,77.78,49.58,68.07,28.57,47.62
2026-10-02,13,11,2026-10-02 15:46:00,5,BTS京丹後開設11周年記念競走,2,4429,豊田 泰洋,3,41,57.5,0,0,0.19,3.19,11.36,20.45,2.83,8.33,16.67,39.53,51.94,25.41,45.9
2026-10-02,13,11,2026-10-02 15:46:00,5,BTS京丹後開設11周年記念競走,3,4150,山田 雄太,2,44,55.3,0,0,0.15,6.03,42.42,62.63,6.78,55.56,77.78,34.65,52.76,33.61,49.18
2026-10-02,13,11,2026-10-02 15:46:00,5,BTS京丹後開設11周年記念競走,4,4539,金子 賢志,1,35,52,0,0,0.13,6.11,41.23,58.77,5.61,34.21,57.89,25.6,42.4,44.26,54.1
2026-10-02,13,11,2026-10-02 15:46:00,5,BTS京丹後開設11周年記念競走,5,3514,山一 鉄也,2,59,52,0,0,0.17,5.46,36,52,5.62,42.31,57.69,36.51,52.38,43.09,53.66
2026-10-02,13,11,2026-10-02 15:46:00,5,BTS京丹後開設11周年記念競走,6,3478,嶋田 貴支,3,55,52.2,0,0,0.17,5.19,33,54,4.65,20.59,47.06,41.98,58.02,39.67,55.37
2026-10-02,13,12,2026-10-02 16:23:00,5,BTS京丹後開設11周年記念競走,1,5281,井上 遥妃,1,23,46,1,0,0.14,5.82,39.56,47.25,7,52.38,71.43,39.39,58.33,45.08,53.28
2026-10-02,13,12,2026-10-02 16:23:00,5,BTS京丹後開設11周年記念競走,2,4546,浜田 亜理沙,3,38,47,0,0,0.17,7.12,55.56,77.78,7.12,55.88,76.47,22.41,33.62,39.68,54.76
2026-10-02,13,12,2026-10-02 16:23:00,5,BTS京丹後開設11周年記念競走,3,4819,蜂須 瑞生,2,35,46.5,1,0,0.17,5.02,29.23,43.08,7.1,55,80,29.75,49.59,36.67,51.67
2026-10-02,13,12,2026-10-02 16:23:00,5,BTS京丹後開設11周年記念競走,4,5264,登 みひ果,3,26,44,1,0,0.15,4.91,30.34,43.82,4.33,21.47,36.16,29.85,50,30.58,46.28
2026-10-02,13,12,2026-10-02 16:23:00,5,BTS京丹後開設11周年記念競走,5,4443,津田 裕絵,3,40,50.4,0,0,0.19,5.59,40.78,53.4,5.91,31.82,68.18,15.09,32.08,33.06,47.11
2026-10-02,13,12,2026-10-02 16:23:00,5,BTS京丹後開設11周年記念競走,6,5218,山田 理央,1,26,46,1,0,0.15,5.35,32.14,54.76,5.5,37.5,62.5,31.5,45.67,28,40.8
2026-10-02,14,1,2026-10-02 08:35:00,5,BOATRACE振興会会長杯競走,1,4676,後藤 隼之,2,38,56.3,1,0,0.17,4.98,23.23,51.52,5,21.21,48.48,41.38,54.02,25,37.5
2026-10-02,14,1,2026-10-02 08:35:00,5,BOATRACE振興会会長杯競走,2,5117,冨名腰 桃奈,3,26,45,0,0,0.19,5.26,34.62,51.28,5.38,46.15,53.85,39.02,52.44,34.88,51.16
2026-10-02,14,1,2026-10-02 08:35:00,5,BOATRACE振興会会長杯競走,3,4325,新出 浩司,3,43,52.4,0,0,0.19,4.43,17.24,40.23,4.08,19.23,26.92,33.71,53.93,38.46,56.04
2026-10-02,14,1,2026-10-02 08:35:00,5,BOATRACE振興会会長杯競走,4,5271,杉山 太陽,3,25,52,0,0,0.19,4.07,18.27,35.58,3.21,8.33,25,37.93,58.62,19.54,42.53
2026-10-02,14,1,2026-10-02 08:35:00,5,BOATRACE振興会会長杯競走,5,3587,武田 信一,3,53,57.7,1,0,0.16,3.86,15.66,32.53,4.23,17.86,38.1,21.35,33.71,40,52.22
2026-10-02,14,1,2026-10-02 08:35:00,5,BOATRACE振興会会長杯競走,6,5428,古園井 綾南,4,24,49.3,1,0,0.19,1.06,0,0,1,0,0,51.61,70.97,34.44,52.22
2026-10-02,14,2,2026-10-02 09:01:00,5,BOATRACE振興会会長杯競走,1,4420,津久井 拓也,2,38,52,0,0,0.16,5.66,38.24,54.41,5.74,37.14,62.86,26.74,46.51,37.93,58.62
2026-10-02,14,2,2026-10-02 09:01:00,5,BOATRACE振興会会長杯競走,2,3967,鈴木 茂高,3,47,57,1,0,0.19,4.22,25.29,36.78,0,0,0,43.96,63.74,26.09,41.3
2026-10-02,14,2,2026-10-02 09:01:00,5,BOATRACE振興会会長杯競走,3,5355,萩原 丈太朗,3,21,55.6,0,0,0.17,2.57,9.33,13.33,2.25,8.33,16.67,38.37,55.81,27.59,44.83
2026-10-02,14,2,2026-10-02 09:01:00,5,BOATRACE振興会会長杯競走,4,3900,香川 素子,2,49,47.2,1,0,0.18,6.1,43.43,62.63,6.66,48.94,65.96,28.41,44.32,34.44,55.56
2026-10-02,14,2,2026-10-02 09:01:00,5,BOATRACE振興会会長杯競走,5,4895,門間 雄大,2,35,53.6,1,0,0.15,4.94,24.04,50,5.4,20,70,30.11,41.94,34.88,58.14
2026-10-02,14,2,2026-10-02 09:01:00,5,BOATRACE振興会会長杯競走,6,3580,水口 由紀,3,53,48.6,0,0,0.2,4.26,16.33,38.78,5.91,39.39,57.58,26.74,50,34.78,56.52
2026-10-02,14,3,2026-10-02 09:27:00,5,BOATRACE振興会会長杯競走,1,3548,室田 泰史,2,56,52,1,0,0.12,5.09,31.78,48.06,7.43,57.14,85.71,39.56,52.75,26.44,48.28
2026-10-02,14,3,2026-10-02 09:27:00,5,BOATRACE振興会会長杯競走,2,5356,長谷川 暖,3,21,51,1,0,0.15,4.83,27.14,41.43,2.36,0,7.14,20.93,40.7,24.39,37.8
2026-10-02,14,3,2026-10-02 09:27:00,5,BOATRACE振興会会長杯競走,3,3809,吉田 光,3,51,51,1,0,0.19,4.31,12.77,40.43,4.36,20,44,37.08,50.56,35.23,53.41
2026-10-02,14,3,2026-10-02 09:27:00,5,BOATRACE振興会会長杯競走,4,3477,近藤 稔也,3,56,53,0,0,0.19,3.88,14.77,31.82,4.7,26.95,44.68,50.56,60.67,31.76,45.88
2026-10-02,14,3,2026-10-02 09:27:00,5,BOATRACE振興会会長杯競走,5,5312,川辺 郭人,3,26,53.7,1,0,0.17,3.38,7.61,22.83,3.25,8.33,25,32.56,50,40.74,54.32
2026-10-02,14,3,2026-10-02 09:27:00,5,BOATRACE振興会会長杯競走,6,3618,海野 ゆかり,1,52,45.5,0,0,0.19,6.42,48.87,63.16,5.75,25,57.14,35.23,47.73,28.57,48.81
2026-10-02,14,4,2026-10-02 09:53:00,5,BOATRACE振興会会長杯競走,1,3874,山本 寛久,2,50,52,0,0,0.17,7.03,50.43,73.5,5.95,45,60,30.49,60.98,30.68,46.59
2026-10-02,14,4,2026-10-02 09:53:00,5,BOATRACE振興会会長杯競走,2,4409,坂元 浩仁,1,40,53.3,1,0,0.15,6.44,47.83,60.87,5.11,11.11,44.44,28.05,43.9,31.76,49.41
2026-10-02,14,4,2026-10-02 09:53:00,5,BOATRACE振興会会長杯競走,3,4887,富澤 祐作,3,39,53.4,1,0,0.13,4.98,31.71,47.56,5.92,40,68,34.09,44.32,35.23,54.55
2026-10-02,14,4,2026-10-02 09:53:00,5,BOATRACE振興会会長杯競走,4,4596,葛原 大陽,2,43,52,1,0,0.15,6.07,39.34,63.93,6.27,46.06,63.64,32.05,43.59,36.36,50
2026-10-02,14,4,2026-10-02 09:53:00,5,BOATRACE振興会会長杯競走,5,4031,飯島 誠,3,48,52,0,0,0.17,4.71,26.8,43.3,3.83,17.24,34.48,35.23,53.41,33.33,45.98
2026-10-02,14,4,2026-10-02 09:53:00,5,BOATRACE振興会会長杯競走,6,5462,山浦 槙,4,19,48.2,0,0,,1.63,0,2.04,2.5,0,12.5,40,52.94,25.84,43.82
2026-10-02,14,5,2026-10-02 10:19:00,5,BOATRACE振興会会長杯競走,1,3872,岡田 憲行,2,50,53.6,0,0,0.18,5.6,33.94,54.13,5.68,42.5,57.5,27.16,48.15,27.27,47.73
2026-10-02,14,5,2026-10-02 10:19:00,5,BOATRACE振興会会長杯競走,2,5307,富永 夏哉人,3,23,50.5,0,0,0.19,4.54,27.45,41.18,3.19,18.75,18.75,26.32,44.21,32.18,36.78
2026-10-02,14,5,2026-10-02 10:19:00,5,BOATRACE振興会会長杯競走,3,5041,荒牧 凪沙,3,28,52.1,1,0,0.19,4.83,30,43.75,4.8,26.67,40,56.98,77.91,34.04,52.13
2026-10-02,14,5,2026-10-02 10:19:00,5,BOATRACE振興会会長杯競走,4,4092,岡部 大輔,3,45,52.1,0,0,0.16,4.88,27.78,44.44,5,25,37.5,34.74,51.58,33.68,45.26
2026-10-02,14,5,2026-10-02 10:19:00,5,BOATRACE振興会会長杯競走,5,4694,高田 綾,3,41,45.5,0,0,0.2,4.45,20.2,41.41,5.06,25,50,32.22,55.56,37.5,53.41
2026-10-02,14,5,2026-10-02 10:19:00,5,BOATRACE振興会会長杯競走,6,3412,鈴木 博,1,57,52.4,0,0,0.16,6.32,47.73,65.15,6.92,60,72,34.83,52.81,24.72,40.45
2026-10-02,14,6,2026-10-02 10:47:00,5,BOATRACE振興会会長杯競走,1,4148,枝尾 賢,2,44,52.4,0,0,0.14,6.25,43.44,63.11,7.5,57.14,85.71,25.56,47.78,40,60
2026-10-02,14,6,2026-10-02 10:47:00,5,BOATRACE振興会会長杯競走,2,4247,齊藤 優,3,44,53.5,0,0,0.17,5.37,33.68,52.63,5.56,32.52,58.54,18.18,43.18,30.43,52.17
2026-10-02,14,6,2026-10-02 10:47:00,5,BOATRACE振興会会長杯競走,3,3580,水口 由紀,3,53,48.6,0,0,0.2,4.26,16.33,38.78,5.91,39.39,57.58,26.74,50,34.78,56.52
2026-10-02,14,6,2026-10-02 10:47:00,5,BOATRACE振興会会長杯競走,4,4116,川田 正人,3,45,52,1,0,0.18,4.47,14.77,45.45,5.01,30.21,50,48,58,23.86,44.32
2026-10-02,14,6,2026-10-02 10:47:00,5,BOATRACE振興会会長杯競走,5,3499,市川 哲也,1,57,52,1,0,0.15,5.49,34.38,56.25,6.09,36.36,63.64,25,35.23,24.42,38.37
2026-10-02,14,6,2026-10-02 10:47:00,5,BOATRACE振興会会長杯競走,6,5451,知念 伶奈,4,21,46.5,1,0,,1.29,2.63,2.63,0,0,0,30,45,33.71,53.93
2026-10-02,14,7,2026-10-02 11:17:00,5,BOATRACE振興会会長杯競走,1,4693,松下 誉士,3,42,52.7,0,0,0.19,4.24,26.42,35.85,5.29,42.86,57.14,25.93,38.27,20.24,41.67
2026-10-02,14,7,2026-10-02 11:17:00,5,BOATRACE振興会会長杯競走,2,4325,新出 浩司,3,43,52.4,0,0,0.19,4.43,17.24,40.23,4.08,19.23,26.92,33.71,53.93,38.46,56.04
2026-10-02,14,7,2026-10-02 11:17:00,5,BOATRACE振興会会長杯競走,3,4538,笠置 博之,1,36,52,1,0,0.15,5.25,39.13,52.17,6.91,60.87,69.57,27.85,48.1,34.09,51.14
2026-10-02,14,7,2026-10-02 11:17:00,5,BOATRACE振興会会長杯競走,4,5356,長谷川 暖,3,21,51,1,0,0.15,4.83,27.14,41.43,2.36,0,7.14,20.93,40.7,24.39,37.8
2026-10-02,14,7,2026-10-02 11:17:00,5,BOATRACE振興会会長杯競走,5,3967,鈴木 茂高,3,47,57,1,0,0.19,4.22,25.29,36.78,0,0,0,43.96,63.74,26.09,41.3
2026-10-02,14,7,2026-10-02 11:17:00,5,BOATRACE振興会会長杯競走,6,4133,高橋 正男,2,46,52,1,0,0.17,6.39,53.04,63.48,6.26,42.11,63.16,34.74,60,29.07,50
2026-10-02,14,8,2026-10-02 11:48:00,5,BOATRACE振興会会長杯競走,1,4895,門間 雄大,2,35,53.6,1,0,0.15,4.94,24.04,50,5.4,20,70,30.11,41.94,34.88,58.14
2026-10-02,14,8,2026-10-02 11:48:00,5,BOATRACE振興会会長杯競走,2,5271,杉山 太陽,3,25,52,0,0,0.19,4.07,18.27,35.58,3.21,8.33,25,37.93,58.62,19.54,42.53
2026-10-02,14,8,2026-10-02 11:48:00,5,BOATRACE振興会会長杯競走,3,5036,福田 翔吾,3,28,52.1,0,0,0.18,5.58,36.89,59.02,4.92,33.33,41.67,38.04,56.52,33.33,45.16
2026-10-02,14,8,2026-10-02 11:48:00,5,BOATRACE振興会会長杯競走,4,4031,飯島 誠,3,48,52,0,0,0.17,4.71,26.8,43.3,3.83,17.24,34.48,35.23,53.41,33.33,45.98
2026-10-02,14,8,2026-10-02 11:48:00,5,BOATRACE振興会会長杯競走,5,3809,吉田 光,3,51,51,1,0,0.19,4.31,12.77,40.43,4.36,20,44,37.08,50.56,35.23,53.41
2026-10-02,14,8,2026-10-02 11:48:00,5,BOATRACE振興会会長杯競走,6,4409,坂元 浩仁,1,40,53.3,1,0,0.15,6.44,47.83,60.87,5.11,11.11,44.44,28.05,43.9,31.76,49.41
2026-10-02,14,9,2026-10-02 12:27:00,5,BOATRACE振興会会長杯競走,1,3477,近藤 稔也,3,56,53,0,0,0.19,3.88,14.77,31.82,4.7,26.95,44.68,50.56,60.67,31.76,45.88
2026-10-02,14,9,2026-10-02 12:27:00,5,BOATRACE振興会会長杯競走,2,5312,川辺 郭人,3,26,53.7,1,0,0.17,3.38,7.61,22.83,3.25,8.33,25,32.56,50,40.74,54.32
2026-10-02,14,9,2026-10-02 12:27:00,5,BOATRACE振興会会長杯競走,3,3587,武田 信一,3,53,57.7,1,0,0.16,3.86,15.66,32.53,4.23,17.86,38.1,21.35,33.71,40,52.22
2026-10-02,14,9,2026-10-02 12:27:00,5,BOATRACE振興会会長杯競走,4,3874,山本 寛久,2,50,52,0,0,0.17,7.03,50.43,73.5,5.95,45,60,30.49,60.98,30.68,46.59
2026-10-02,14,9,2026-10-02 12:27:00,5,BOATRACE振興会会長杯競走,5,4092,岡部 大輔,3,45,52.1,0,0,0.16,4.88,27.78,44.44,5,25,37.5,34.74,51.58,33.68,45.26
2026-10-02,14,9,2026-10-02 12:27:00,5,BOATRACE振興会会長杯競走,6,4420,津久井 拓也,2,38,52,0,0,0.16,5.66,38.24,54.41,5.74,37.14,62.86,26.74,46.51,37.93,58.62
2026-10-02,14,10,2026-10-02 13:00:00,5,BOATRACE振興会会長杯競走,1,3618,海野 ゆかり,1,52,45.5,0,0,0.19,6.42,48.87,63.16,5.75,25,57.14,35.23,47.73,28.57,48.81
2026-10-02,14,10,2026-10-02 13:00:00,5,BOATRACE振興会会長杯競走,2,3548,室田 泰史,2,56,52,1,0,0.12,5.09,31.78,48.06,7.43,57.14,85.71,39.56,52.75,26.44,48.28
2026-10-02,14,10,2026-10-02 13:00:00,5,BOATRACE振興会会長杯競走,3,4148,枝尾 賢,2,44,52.4,0,0,0.14,6.25,43.44,63.11,7.5,57.14,85.71,25.56,47.78,40,60
2026-10-02,14,10,2026-10-02 13:00:00,5,BOATRACE振興会会長杯競走,4,5041,荒牧 凪沙,3,28,52.1,1,0,0.19,4.83,30,43.75,4.8,26.67,40,56.98,77.91,34.04,52.13
2026-10-02,14,10,2026-10-02 13:00:00,5,BOATRACE振興会会長杯競走,5,4247,齊藤 優,3,44,53.5,0,0,0.17,5.37,33.68,52.63,5.56,32.52,58.54,18.18,43.18,30.43,52.17
2026-10-02,14,10,2026-10-02 13:00:00,5,BOATRACE振興会会長杯競走,6,5307,富永 夏哉人,3,23,50.5,0,0,0.19,4.54,27.45,41.18,3.19,18.75,18.75,26.32,44.21,32.18,36.78
2026-10-02,14,11,2026-10-02 13:36:00,5,BOATRACE振興会会長杯競走,1,4596,葛原 大陽,2,43,52,1,0,0.15,6.07,39.34,63.93,6.27,46.06,63.64,32.05,43.59,36.36,50
2026-10-02,14,11,2026-10-02 13:36:00,5,BOATRACE振興会会長杯競走,2,3900,香川 素子,2,49,47.2,1,0,0.18,6.1,43.43,62.63,6.66,48.94,65.96,28.41,44.32,34.44,55.56
2026-10-02,14,11,2026-10-02 13:36:00,5,BOATRACE振興会会長杯競走,3,4676,後藤 隼之,2,38,56.3,1,0,0.17,4.98,23.23,51.52,5,21.21,48.48,41.38,54.02,25,37.5
2026-10-02,14,11,2026-10-02 13:36:00,5,BOATRACE振興会会長杯競走,4,4538,笠置 博之,1,36,52,1,0,0.15,5.25,39.13,52.17,6.91,60.87,69.57,27.85,48.1,34.09,51.14
2026-10-02,14,11,2026-10-02 13:36:00,5,BOATRACE振興会会長杯競走,5,3872,岡田 憲行,2,50,53.6,0,0,0.18,5.6,33.94,54.13,5.68,42.5,57.5,27.16,48.15,27.27,47.73
2026-10-02,14,11,2026-10-02 13:36:00,5,BOATRACE振興会会長杯競走,6,4693,松下 誉士,3,42,52.7,0,0,0.19,4.24,26.42,35.85,5.29,42.86,57.14,25.93,38.27,20.24,41.67
2026-10-02,14,12,2026-10-02 14:13:00,5,BOATRACE振興会会長杯競走,1,4506,稗田 聖也,1,38,52.2,0,0,0.14,6.28,47.41,64.66,6.83,53.33,73.33,32.29,51.04,37.35,51.81
2026-10-02,14,12,2026-10-02 14:13:00,5,BOATRACE振興会会長杯競走,2,3439,大平 誉史明,1,57,51,0,0,0.16,5.72,40.83,57.5,4.4,20,40,35.63,50.57,31.82,47.73
2026-10-02,14,12,2026-10-02 14:13:00,5,BOATRACE振興会会長杯競走,3,3915,繁野谷 圭介,2,52,52.1,0,0,0.19,6.31,45.9,64.75,5.14,28.57,42.86,37.35,51.81,47.67,61.63
2026-10-02,14,12,2026-10-02 14:13:00,5,BOATRACE振興会会長杯競走,4,3024,西島 義則,4,64,52.7,0,0,0.17,6.67,61.11,61.11,7.32,63.41,70.73,35.23,46.59,36.47,52.94
2026-10-02,14,12,2026-10-02 14:13:00,5,BOATRACE振興会会長杯競走,5,4286,平田 さやか,2,42,47.6,0,0,0.15,5.99,41.61,63.76,5.13,30.43,47.83,31.76,44.71,36.47,61.18
2026-10-02,14,12,2026-10-02 14:13:00,5,BOATRACE振興会会長杯競走,6,3933,山地 正樹,3,50,52,0,0,0.17,6.13,46.28,65.29,5.05,32.43,48.65,33,54,40.96,51.81
2026-10-02,15,1,2026-10-02 15:19:00,5,四国新聞社杯,1,3775,泉 啓文,3,52,57.3,0,0,0.18,3.85,20.75,28.3,5.82,47.06,64.71,0,0,26.67,44.44
2026-10-02,15,1,2026-10-02 15:19:00,5,四国新聞社杯,2,5177,松井 貫太,3,30,51.5,0,0,0.2,4.49,20.83,38.33,3.22,0,11.11,25,50,44.44,58.33
2026-10-02,15,1,2026-10-02 15:19:00,5,四国新聞社杯,3,5333,山下 智己,4,22,52,0,0,0.2,3.68,16.44,28.77,1.6,0,0,37.5,37.5,52.5,70
2026-10-02,15,1,2026-10-02 15:19:00,5,四国新聞社杯,4,3977,山本 兼士,3,49,52.4,0,0,0.18,4.4,16.81,39.82,5.2,30,40,0,0,33.33,38.1
2026-10-02,15,1,2026-10-02 15:19:00,5,四国新聞社杯,5,5464,宮田 栞,4,19,49.8,0,0,,1.25,0,0,0,0,0,22.22,66.67,25,42.5
2026-10-02,15,1,2026-10-02 15:19:00,5,四国新聞社杯,6,4260,中越 博紀,3,42,52.1,0,0,0.19,5.78,44.88,54.33,5.39,35.65,49.57,50,62.5,21.05,36.84
2026-10-02,15,2,2026-10-02 15:42:00,5,四国新聞社杯,1,4281,大澤 大夢,3,42,52,0,0,0.17,5.14,28.85,50,6,41.67,66.67,25,37.5,34.15,56.1
2026-10-02,15,2,2026-10-02 15:42:00,5,四国新聞社杯,2,5027,重冨 勇哉,3,29,53.7,0,0,0.2,4.49,26.53,38.78,4.35,15,35,37.5,37.5,32.65,48.98
2026-10-02,15,2,2026-10-02 15:42:00,5,四国新聞社杯,3,4300,加藤 綾,3,43,49.4,0,0,0.18,5.27,37.27,54.55,4.6,26.67,33.33,25,50,50,66.67
2026-10-02,15,2,2026-10-02 15:42:00,5,四国新聞社杯,4,4580,長谷川 雅和,3,37,52.5,0,0,0.17,5.82,38.95,60,6.25,50,75,30,60,36.96,63.04
2026-10-02,15,2,2026-10-02 15:42:00,5,四国新聞社杯,5,5207,高山 敬悟,3,29,52.8,1,0,0.16,5.19,35.23,46.59,4.78,38.89,44.44,40,60,24.14,31.03
2026-10-02,15,2,2026-10-02 15:42:00,5,四国新聞社杯,6,4511,中岡 健人,3,37,55.9,0,0,0.18,4.65,23.66,44.09,4.51,20.78,41.56,87.5,100,41.3,67.39
2026-10-02,15,3,2026-10-02 16:06:00,5,四国新聞社杯,1,4821,妻鳥 晋也,3,34,54.2,0,0,0.19,5.03,29.59,48.98,5,30,45.45,0,0,27.91,39.53
2026-10-02,15,3,2026-10-02 16:06:00,5,四国新聞社杯,2,5354,渡邊 雄斗,3,21,51.5,0,0,0.19,4.49,24.49,44.9,0,0,0,0,0,32.56,53.49
2026-10-02,15,3,2026-10-02 16:06:00,5,四国新聞社杯,3,5206,梅原 祥平,3,29,52.2,1,0,0.15,4.49,18.48,40.22,5.46,33.33,45.83,33.33,100,39.13,52.17
2026-10-02,15,3,2026-10-02 16:06:00,5,四国新聞社杯,4,5231,寺田 空詩,3,22,45.5,1,0,0.17,6.31,44.71,67.06,4.33,33.33,33.33,0,0,33.33,41.03
2026-10-02,15,3,2026-10-02 16:06:00,5,四国新聞社杯,5,5262,鈴木 章司,3,28,52.5,1,0,0.19,4.07,18.31,32.39,3.14,7.14,28.57,0,0,31.11,46.67
2026-10-02,15,3,2026-10-02 16:06:00,5,四国新聞社杯,6,5098,大江 純,3,30,53.2,1,0,0.15,5.08,33.33,53.54,4.88,34.62,38.46,0,0,60.98,75.61
2026-10-02,15,4,2026-10-02 16:36:00,5,四国新聞社杯,1,4672,守屋 大地,3,40,52,0,0,0.18,4.41,27.62,40.95,4.37,21.05,47.37,66.67,77.78,37.21,46.51
2026-10-02,15,4,2026-10-02 16:36:00,5,四国新聞社杯,2,3161,古場 輝義,3,66,52.1,0,0,0.19,4.91,26.25,47.5,4.75,21.43,50,0,0,43.18,68.18
2026-10-02,15,4,2026-10-02 16:36:00,5,四国新聞社杯,3,5348,小林 甘寧,3,22,52.4,0,0,0.16,5.79,40,61.82,3.44,22.22,22.22,55.56,66.67,36.96,52.17
2026-10-02,15,4,2026-10-02 16:36:00,5,四国新聞社杯,4,5346,中村 紋夕梨,3,23,46,0,0,0.22,3.27,7.32,20.73,2,0,0,0,0,45,62.5
2026-10-02,15,4,2026-10-02 16:36:00,5,四国新聞社杯,5,4193,郷原 章平,2,45,52,0,0,0.15,6.15,44.85,61.03,4.82,27.27,45.45,44.44,88.89,38.1,61.9
2026-10-02,15,4,2026-10-02 16:36:00,5,四国新聞社杯,6,5418,堀内 亜海,4,20,56.6,1,0,0.2,1.05,0,0,1,0,0,16.67,33.33,28.57,42.86
2026-10-02,15,5,2026-10-02 17:06:00,5,四国新聞社杯,1,5359,佐藤 世那,3,20,53.8,1,0,0.17,4.6,31.17,44.16,4.9,35,40,25,37.5,33.33,55.56
2026-10-02,15,5,2026-10-02 17:06:00,5,四国新聞社杯,2,4925,森 悠稀,2,33,52,0,0,0.16,6.05,40.18,63.39,5.54,36.96,52.17,12.5,12.5,34.09,45.45
2026-10-02,15,5,2026-10-02 17:06:00,5,四国新聞社杯,3,3977,山本 兼士,3,49,52.4,0,0,0.18,4.4,16.81,39.82,5.2,30,40,0,0,33.33,38.1
2026-10-02,15,5,2026-10-02 17:06:00,5,四国新聞社杯,4,3305,小野 信樹,3,58,52.8,0,0,0.17,3.5,13.64,25,4.13,20.83,25,0,0,30.77,38.46
2026-10-02,15,5,2026-10-02 17:06:00,5,四国新聞社杯,5,5333,山下 智己,4,22,52,0,0,0.2,3.68,16.44,28.77,1.6,0,0,37.5,37.5,52.5,70
2026-10-02,15,5,2026-10-02 17:06:00,5,四国新聞社杯,6,5471,田中 結,4,17,48.8,0,0,,1.54,0,1.39,0,0,0,0,28.57,39.02,53.66
2026-10-02,15,6,2026-10-02 17:31:00,5,四国新聞社杯,1,3484,芝田 浩治,2,54,52,0,0,0.17,5.99,46.02,62.83,6.17,47.83,65.22,44.44,55.56,28.26,65.22
2026-10-02,15,6,2026-10-02 17:31:00,5,四国新聞社杯,2,4630,岩永 雅人,2,39,52,0,0,0.19,5.29,33.73,51.81,6.31,35.9,66.67,0,0,21.21,27.27
2026-10-02,15,6,2026-10-02 17:31:00,5,四国新聞社杯,3,4053,芦澤 望,2,48,54.5,1,0,0.16,5.36,33.7,56.52,6.73,55.1,67.35,0,0,25,56.82
2026-10-02,15,6,2026-10-02 17:31:00,5,四国新聞社杯,4,3869,井芹 大志,3,51,54.1,0,0,0.18,4.3,23.38,37.66,4.57,14.29,42.86,22.22,44.44,45.45,63.64
2026-10-02,15,6,2026-10-02 17:31:00,5,四国新聞社杯,5,5027,重冨 勇哉,3,29,53.7,0,0,0.2,4.49,26.53,38.78,4.35,15,35,37.5,37.5,32.65,48.98
2026-10-02,15,6,2026-10-02 17:31:00,5,四国新聞社杯,6,5464,宮田 栞,4,19,49.8,0,0,,1.25,0,0,0,0,0,22.22,66.67,25,42.5
2026-10-02,15,7,2026-10-02 17:58:00,5,四国新聞社杯,1,4191,赤羽 克也,1,45,52,0,0,0.16,6.59,50,70,5.41,37.5,43.75,0,0,35.29,52.94
2026-10-02,15,7,2026-10-02 17:58:00,5,四国新聞社杯,2,5026,安河内 健,1,31,53.8,0,0,0.16,6.42,48.84,65.12,6.7,45,72.5,44.44,66.67,52.27,68.18
2026-10-02,15,7,2026-10-02 17:58:00,5,四国新聞社杯,3,4580,長谷川 雅和,3,37,52.5,0,0,0.17,5.82,38.95,60,6.25,50,75,30,60,36.96,63.04
2026-10-02,15,7,2026-10-02 17:58:00,5,四国新聞社杯,4,4260,中越 博紀,3,42,52.1,0,0,0.19,5.78,44.88,54.33,5.39,35.65,49.57,50,62.5,21.05,36.84
2026-10-02,15,7,2026-10-02 17:58:00,5,四国新聞社杯,5,5206,梅原 祥平,3,29,52.2,1,0,0.15,4.49,18.48,40.22,5.46,33.33,45.83,33.33,100,39.13,52.17
2026-10-02,15,7,2026-10-02 17:58:00,5,四国新聞社杯,6,5010,宇留田 翔平,2,29,53.3,1,0,0.14,5.68,39.32,61.54,6,0,100,0,0,37.21,51.16
2026-10-02,15,8,2026-10-02 18:28:00,5,四国新聞社杯,1,4511,中岡 健人,3,37,55.9,0,0,0.18,4.65,23.66,44.09,4.51,20.78,41.56,87.5,100,41.3,67.39
2026-10-02,15,8,2026-10-02 18:28:00,5,四国新聞社杯,2,5346,中村 紋夕梨,3,23,46,0,0,0.22,3.27,7.32,20.73,2,0,0,0,0,45,62.5
2026-10-02,15,8,2026-10-02 18:28:00,5,四国新聞社杯,3,5098,大江 純,3,30,53.2,1,0,0.15,5.08,33.33,53.54,4.88,34.62,38.46,0,0,60.98,75.61
2026-10-02,15,8,2026-10-02 18:28:00,5,四国新聞社杯,4,5348,小林 甘寧,3,22,52.4,0,0,0.16,5.79,40,61.82,3.44,22.22,22.22,55.56,66.67,36.96,52.17
2026-10-02,15,8,2026-10-02 18:28:00,5,四国新聞社杯,5,5177,松井 貫太,3,30,51.5,0,0,0.2,4.49,20.83,38.33,3.22,0,11.11,25,50,44.44,58.33
2026-10-02,15,8,2026-10-02 18:28:00,5,四国新聞社杯,6,4715,村上 遼,1,34,51.5,1,0,0.15,6.72,45.88,62.35,5.8,35,60,0,0,31.71,51.22
2026-10-02,15,9,2026-10-02 18:58:00,5,四国新聞社杯,1,4193,郷原 章平,2,45,52,0,0,0.15,6.15,44.85,61.03,4.82,27.27,45.45,44.44,88.89,38.1,61.9
2026-10-02,15,9,2026-10-02 18:58:00,5,四国新聞社杯,2,5207,高山 敬悟,3,29,52.8,1,0,0.16,5.19,35.23,46.59,4.78,38.89,44.44,40,60,24.14,31.03
2026-10-02,15,9,2026-10-02 18:58:00,5,四国新聞社杯,3,5262,鈴木 章司,3,28,52.5,1,0,0.19,4.07,18.31,32.39,3.14,7.14,28.57,0,0,31.11,46.67
2026-10-02,15,9,2026-10-02 18:58:00,5,四国新聞社杯,4,4300,加藤 綾,3,43,49.4,0,0,0.18,5.27,37.27,54.55,4.6,26.67,33.33,25,50,50,66.67
2026-10-02,15,9,2026-10-02 18:58:00,5,四国新聞社杯,5,5231,寺田 空詩,3,22,45.5,1,0,0.17,6.31,44.71,67.06,4.33,33.33,33.33,0,0,33.33,41.03
2026-10-02,15,9,2026-10-02 18:58:00,5,四国新聞社杯,6,4925,森 悠稀,2,33,52,0,0,0.16,6.05,40.18,63.39,5.54,36.96,52.17,12.5,12.5,34.09,45.45
2026-10-02,15,10,2026-10-02 19:36:00,5,四国新聞社杯,1,4053,芦澤 望,2,48,54.5,1,0,0.16,5.36,33.7,56.52,6.73,55.1,67.35,0,0,25,56.82
2026-10-02,15,10,2026-10-02 19:36:00,5,四国新聞社杯,2,4821,妻鳥 晋也,3,34,54.2,0,0,0.19,5.03,29.59,48.98,5,30,45.45,0,0,27.91,39.53
2026-10-02,15,10,2026-10-02 19:36:00,5,四国新聞社杯,3,5354,渡邊 雄斗,3,21,51.5,0,0,0.19,4.49,24.49,44.9,0,0,0,0,0,32.56,53.49
2026-10-02,15,10,2026-10-02 19:36:00,5,四国新聞社杯,4,4281,大澤 大夢,3,42,52,0,0,0.17,5.14,28.85,50,6,41.67,66.67,25,37.5,34.15,56.1
2026-10-02,15,10,2026-10-02 19:36:00,5,四国新聞社杯,5,3161,古場 輝義,3,66,52.1,0,0,0.19,4.91,26.25,47.5,4.75,21.43,50,0,0,43.18,68.18
2026-10-02,15,10,2026-10-02 19:36:00,5,四国新聞社杯,6,5359,佐藤 世那,3,20,53.8,1,0,0.17,4.6,31.17,44.16,4.9,35,40,25,37.5,33.33,55.56
2026-10-02,15,11,2026-10-02 20:08:00,5,四国新聞社杯,1,5026,安河内 健,1,31,53.8,0,0,0.16,6.42,48.84,65.12,6.7,45,72.5,44.44,66.67,52.27,68.18
2026-10-02,15,11,2026-10-02 20:08:00,5,四国新聞社杯,2,3775,泉 啓文,3,52,57.3,0,0,0.18,3.85,20.75,28.3,5.82,47.06,64.71,0,0,26.67,44.44
2026-10-02,15,11,2026-10-02 20:08:00,5,四国新聞社杯,3,4672,守屋 大地,3,40,52,0,0,0.18,4.41,27.62,40.95,4.37,21.05,47.37,66.67,77.78,37.21,46.51
2026-10-02,15,11,2026-10-02 20:08:00,5,四国新聞社杯,4,4191,赤羽 克也,1,45,52,0,0,0.16,6.59,50,70,5.41,37.5,43.75,0,0,35.29,52.94
2026-10-02,15,11,2026-10-02 20:08:00,5,四国新聞社杯,5,4630,岩永 雅人,2,39,52,0,0,0.19,5.29,33.73,51.81,6.31,35.9,66.67,0,0,21.21,27.27
2026-10-02,15,11,2026-10-02 20:08:00,5,四国新聞社杯,6,3484,芝田 浩治,2,54,52,0,0,0.17,5.99,46.02,62.83,6.17,47.83,65.22,44.44,55.56,28.26,65.22
2026-10-02,15,12,2026-10-02 20:36:00,5,四国新聞社杯,1,4545,岡村 慶太,1,38,52.3,0,0,0.15,7.07,58.2,72.95,7.09,63.64,72.73,25,37.5,23.81,42.86
2026-10-02,15,12,2026-10-02 20:36:00,5,四国新聞社杯,2,4095,福来 剛,1,45,52,2,0,0.13,6.98,55.93,72.03,7.3,50,70,11.11,22.22,25,40
2026-10-02,15,12,2026-10-02 20:36:00,5,四国新聞社杯,3,4514,上條 嘉嗣,1,36,52,0,0,0.19,6.41,53.15,66.43,7.03,62.07,75.86,0,0,42.86,59.52
2026-10-02,15,12,2026-10-02 20:36:00,5,四国新聞社杯,4,4064,原田 篤志,1,46,52,0,0,0.17,6.45,47.71,66.67,6.77,40,80,0,0,38.1,45.24
2026-10-02,15,12,2026-10-02 20:36:00,5,四国新聞社杯,5,3898,平田 忠則,1,49,52,0,0,0.17,7.72,65.94,82.61,7.79,65.52,86.21,33.33,55.56,30.23,41.86
2026-10-02,15,12,2026-10-02 20:36:00,5,四国新聞社杯,6,4823,中村 桃佳,2,33,45,1,0,0.13,6.76,52.34,68.22,6.51,51.02,67.35,0,25,27.03,54.05
2026-10-02,16,1,2026-10-02 10:42:00,2,児島キングカップ開設74周年記念競走,1,4468,大池 佑来,1,39,51,2,0,0.13,6.94,53.39,71.19,8.13,62.5,62.5,36.57,53.24,39.49,61.03
2026-10-02,16,1,2026-10-02 10:42:00,2,児島キングカップ開設74周年記念競走,2,4074,柳沢 一,1,45,51.5,0,0,0.13,6.5,45.86,67.67,6.7,41.67,70,38.64,51.82,32.66,49.25
2026-10-02,16,1,2026-10-02 10:42:00,2,児島キングカップ開設74周年記念競走,3,4482,守屋 美穂,1,37,46,1,0,0.17,6.09,39.18,53.61,7.22,58.68,75.21,33.49,49.54,28.65,47.92
2026-10-02,16,1,2026-10-02 10:42:00,2,児島キングカップ開設74周年記念競走,4,4713,白神 優,1,36,52,0,0,0.14,6.14,38.14,58.47,6.94,50.31,68.71,24.88,36.41,34.85,50
2026-10-02,16,1,2026-10-02 10:42:00,2,児島キングカップ開設74周年記念競走,5,4704,河野 大,1,38,51.5,0,0,0.14,6.33,44.59,60.81,6.03,43.55,58.06,43.87,60.38,33.66,50
2026-10-02,16,1,2026-10-02 10:42:00,2,児島キングカップ開設74周年記念競走,6,4907,小池 修平,1,31,52,0,0,0.15,7.24,57.14,70.63,8.6,85,90,34.23,47.75,30.96,46.19
2026-10-02,16,2,2026-10-02 11:12:00,2,児島キングカップ開設74周年記念競走,1,4352,下條 雄太郎,1,40,52,0,0,0.15,7.6,55.29,81.18,6.72,48.28,65.52,36.15,50.23,38.46,57.44
2026-10-02,16,2,2026-10-02 11:12:00,2,児島キングカップ開設74周年記念競走,2,4590,渡邉 優美,1,34,47.7,1,0,0.14,6.51,42.28,60.16,7.4,60,80,36.12,52.42,31.28,51.28
2026-10-02,16,2,2026-10-02 11:12:00,2,児島キングカップ開設74周年記念競走,3,3908,重成 一人,1,48,55.9,0,0,0.15,5.96,40,60,7.04,56,72,28.57,43.81,36.79,51.3
2026-10-02,16,2,2026-10-02 11:12:00,2,児島キングカップ開設74周年記念競走,4,4324,海野 康志郎,1,38,57.9,0,0,0.13,7.1,55.24,69.23,7.56,66.1,84.75,40.57,55.19,32.31,47.69
2026-10-02,16,2,2026-10-02 11:12:00,2,児島キングカップ開設74周年記念競走,5,4677,片橋 幸貴,1,38,52,0,0,0.15,5.99,43.55,63.71,5.92,44.74,60.53,35.29,61.09,32.14,47.45
2026-10-02,16,2,2026-10-02 11:12:00,2,児島キングカップ開設74周年記念競走,6,5051,松本 純平,1,31,52,0,0,0.16,6.42,43.2,65.6,6.7,50,63.33,35.62,54.34,37.88,52.53
2026-10-02,16,3,2026-10-02 11:43:00,2,児島キングカップ開設74周年記念競走,1,4581,吉村 誠,1,37,52,1,0,0.14,6.52,48.76,68.6,6.44,51.22,63.41,29.68,44.29,42.79,59.2
2026-10-02,16,3,2026-10-02 11:43:00,2,児島キングカップ開設74周年記念競走,2,3779,原田 幸哉,1,50,52,1,0,0.12,6.5,37.61,54.7,0,0,0,34.55,51.36,33.67,47.45
2026-10-02,16,3,2026-10-02 11:43:00,2,児島キングカップ開設74周年記念競走,3,4166,吉田 拡郎,1,44,52.8,0,0,0.12,7.55,56.3,71.85,7.51,64.75,78.69,37.79,52.07,32,50
2026-10-02,16,3,2026-10-02 11:43:00,2,児島キングカップ開設74周年記念競走,4,4502,遠藤 エミ,1,38,45.5,0,0,0.14,7.4,53.44,71.76,8.1,65,90,30.91,47.73,37.81,54.23
2026-10-02,16,3,2026-10-02 11:43:00,2,児島キングカップ開設74周年記念競走,5,4528,黒井 達矢,1,38,52,0,0,0.17,6.52,42.27,60.82,6,33.33,50,27.93,44.59,34.01,53.81
2026-10-02,16,3,2026-10-02 11:43:00,2,児島キングカップ開設74周年記念競走,6,4776,竹田 和哉,1,32,52.4,0,0,0.16,7.28,53.24,76.26,7.47,60.53,78.95,36.36,49.55,31.68,51.98
2026-10-02,16,4,2026-10-02 12:15:00,2,児島キングカップ開設74周年記念競走,1,4772,石丸 海渡,1,33,54.5,0,0,0.11,6.71,50.88,65.79,6.29,50,64.29,31.63,46.51,36.41,48.21
2026-10-02,16,4,2026-10-02 12:15:00,2,児島キングカップ開設74周年記念競走,2,4398,船岡 洋一郎,1,39,52.5,0,0,0.14,6.44,47.76,59.7,6.07,51.22,58.54,28.11,47.47,36.63,50
2026-10-02,16,4,2026-10-02 12:15:00,2,児島キングカップ開設74周年記念競走,3,3415,松井 繁,1,56,52,0,0,0.14,6.93,43.9,60.16,7.64,50,75,35.27,50.72,34.17,51.76
2026-10-02,16,4,2026-10-02 12:15:00,2,児島キングカップ開設74周年記念競走,4,3744,徳増 秀樹,1,51,53.2,0,0,0.14,6.03,43.26,56.74,6.32,42.11,63.16,37.21,52.09,34.18,53.06
2026-10-02,16,4,2026-10-02 12:15:00,2,児島キングカップ開設74周年記念競走,5,4659,木下 翔太,1,35,52.1,0,0,0.15,7.61,57.34,74.83,6.95,47.37,68.42,29.9,43.14,30.2,48.51
2026-10-02,16,4,2026-10-02 12:15:00,2,児島キングカップ開設74周年記念競走,6,4537,渡邉 和将,1,36,51,1,0,0.14,6.94,47.55,71.33,6.73,45,72,39.25,59.35,30.3,42.42
2026-10-02,16,5,2026-10-02 12:47:00,2,児島キングカップ開設74周年記念競走,1,4361,柳生 泰二,1,41,52,1,0,0.14,7.27,55.28,69.11,6.63,42.11,78.95,27.98,49.08,40.51,53.85
2026-10-02,16,5,2026-10-02 12:47:00,2,児島キングカップ開設74周年記念競走,2,4482,守屋 美穂,1,37,46,1,0,0.17,6.09,39.18,53.61,7.22,58.68,75.21,33.49,49.54,28.65,47.92
2026-10-02,16,5,2026-10-02 12:47:00,2,児島キングカップ開設74周年記念競走,3,3822,平尾 崇典,1,53,49.5,0,0,0.15,6.45,48.67,61.06,6.87,52.5,73.33,34.58,52.8,35.03,52.28
2026-10-02,16,5,2026-10-02 12:47:00,2,児島キングカップ開設74周年記念競走,4,4907,小池 修平,1,31,52,0,0,0.15,7.24,57.14,70.63,8.6,85,90,34.23,47.75,30.96,46.19
2026-10-02,16,5,2026-10-02 12:47:00,2,児島キングカップ開設74周年記念競走,5,3984,坂口 周,1,48,52.8,0,0,0.17,6.03,36.99,60.27,0,0,0,34.11,54.67,33.33,47.47
2026-10-02,16,5,2026-10-02 12:47:00,2,児島キングカップ開設74周年記念競走,6,3941,池田 浩二,1,48,52.1,1,0,0.12,7.68,47.24,66.93,8.61,78.57,89.29,27.65,45.62,35.23,57.51
2026-10-02,16,6,2026-10-02 13:19:00,2,児島キングカップ開設74周年記念競走,1,4324,海野 康志郎,1,38,57.9,0,0,0.13,7.1,55.24,69.23,7.56,66.1,84.75,40.57,55.19,32.31,47.69
2026-10-02,16,6,2026-10-02 13:19:00,2,児島キングカップ開設74周年記念競走,2,4959,井上 忠政,1,30,52,0,0,0.15,7.52,57.03,71.88,7.73,66.67,77.08,32.73,48.18,34.83,54.73
2026-10-02,16,6,2026-10-02 13:19:00,2,児島キングカップ開設74周年記念競走,3,4677,片橋 幸貴,1,38,52,0,0,0.15,5.99,43.55,63.71,5.92,44.74,60.53,35.29,61.09,32.14,47.45
2026-10-02,16,6,2026-10-02 13:19:00,2,児島キングカップ開設74周年記念競走,4,4445,宮地 元輝,1,39,54,0,0,0.12,7.11,46.23,59.43,6.71,41.18,47.06,31.16,46.51,38.19,54.27
2026-10-02,16,6,2026-10-02 13:19:00,2,児島キングカップ開設74周年記念競走,5,4074,柳沢 一,1,45,51.5,0,0,0.13,6.5,45.86,67.67,6.7,41.67,70,38.64,51.82,32.66,49.25
2026-10-02,16,6,2026-10-02 13:19:00,2,児島キングカップ開設74周年記念競走,6,4468,大池 佑来,1,39,51,2,0,0.13,6.94,53.39,71.19,8.13,62.5,62.5,36.57,53.24,39.49,61.03
2026-10-02,16,7,2026-10-02 13:51:00,2,児島キングカップ開設74周年記念競走,1,3908,重成 一人,1,48,55.9,0,0,0.15,5.96,40,60,7.04,56,72,28.57,43.81,36.79,51.3
2026-10-02,16,7,2026-10-02 13:51:00,2,児島キングカップ開設74周年記念競走,2,4713,白神 優,1,36,52,0,0,0.14,6.14,38.14,58.47,6.94,50.31,68.71,24.88,36.41,34.85,50
2026-10-02,16,7,2026-10-02 13:51:00,2,児島キングカップ開設74周年記念競走,3,4704,河野 大,1,38,51.5,0,0,0.14,6.33,44.59,60.81,6.03,43.55,58.06,43.87,60.38,33.66,50
2026-10-02,16,7,2026-10-02 13:51:00,2,児島キングカップ開設74周年記念競走,4,4528,黒井 達矢,1,38,52,0,0,0.17,6.52,42.27,60.82,6,33.33,50,27.93,44.59,34.01,53.81
2026-10-02,16,7,2026-10-02 13:51:00,2,児島キングカップ開設74周年記念競走,5,3779,原田 幸哉,1,50,52,1,0,0.12,6.5,37.61,54.7,0,0,0,34.55,51.36,33.67,47.45
2026-10-02,16,7,2026-10-02 13:51:00,2,児島キングカップ開設74周年記念競走,6,4352,下條 雄太郎,1,40,52,0,0,0.15,7.6,55.29,81.18,6.72,48.28,65.52,36.15,50.23,38.46,57.44
2026-10-02,16,8,2026-10-02 14:31:00,2,児島キングカップ開設74周年記念競走,1,4166,吉田 拡郎,1,44,52.8,0,0,0.12,7.55,56.3,71.85,7.51,64.75,78.69,37.79,52.07,32,50
2026-10-02,16,8,2026-10-02 14:31:00,2,児島キングカップ開設74周年記念競走,2,5051,松本 純平,1,31,52,0,0,0.16,6.42,43.2,65.6,6.7,50,63.33,35.62,54.34,37.88,52.53
2026-10-02,16,8,2026-10-02 14:31:00,2,児島キングカップ開設74周年記念競走,3,3744,徳増 秀樹,1,51,53.2,0,0,0.14,6.03,43.26,56.74,6.32,42.11,63.16,37.21,52.09,34.18,53.06
2026-10-02,16,8,2026-10-02 14:31:00,2,児島キングカップ開設74周年記念競走,4,4398,船岡 洋一郎,1,39,52.5,0,0,0.14,6.44,47.76,59.7,6.07,51.22,58.54,28.11,47.47,36.63,50
2026-10-02,16,8,2026-10-02 14:31:00,2,児島キングカップ開設74周年記念競走,5,4590,渡邉 優美,1,34,47.7,1,0,0.14,6.51,42.28,60.16,7.4,60,80,36.12,52.42,31.28,51.28
2026-10-02,16,8,2026-10-02 14:31:00,2,児島キングカップ開設74周年記念競走,6,4581,吉村 誠,1,37,52,1,0,0.14,6.52,48.76,68.6,6.44,51.22,63.41,29.68,44.29,42.79,59.2
2026-10-02,16,9,2026-10-02 15:05:00,2,児島キングカップ開設74周年記念競走,1,3415,松井 繁,1,56,52,0,0,0.14,6.93,43.9,60.16,7.64,50,75,35.27,50.72,34.17,51.76
2026-10-02,16,9,2026-10-02 15:05:00,2,児島キングカップ開設74周年記念競走,2,3822,平尾 崇典,1,53,49.5,0,0,0.15,6.45,48.67,61.06,6.87,52.5,73.33,34.58,52.8,35.03,52.28
2026-10-02,16,9,2026-10-02 15:05:00,2,児島キングカップ開設74周年記念競走,3,4361,柳生 泰二,1,41,52,1,0,0.14,7.27,55.28,69.11,6.63,42.11,78.95,27.98,49.08,40.51,53.85
2026-10-02,16,9,2026-10-02 15:05:00,2,児島キングカップ開設74周年記念競走,4,4776,竹田 和哉,1,32,52.4,0,0,0.16,7.28,53.24,76.26,7.47,60.53,78.95,36.36,49.55,31.68,51.98
2026-10-02,16,9,2026-10-02 15:05:00,2,児島キングカップ開設74周年記念競走,5,4502,遠藤 エミ,1,38,45.5,0,0,0.14,7.4,53.44,71.76,8.1,65,90,30.91,47.73,37.81,54.23
2026-10-02,16,9,2026-10-02 15:05:00,2,児島キングカップ開設74周年記念競走,6,4772,石丸 海渡,1,33,54.5,0,0,0.11,6.71,50.88,65.79,6.29,50,64.29,31.63,46.51,36.41,48.21
2026-10-02,16,10,2026-10-02 15:39:00,2,児島キングカップ開設74周年記念競走,1,4960,黒野 元基,1,30,51,0,0,0.14,7.19,55.07,71.74,6.41,44.12,70.59,38.07,54.13,34.34,58.59
2026-10-02,16,10,2026-10-02 15:39:00,2,児島キングカップ開設74周年記念競走,2,4928,栗城 匠,1,31,52.3,0,0,0.14,6.65,49.57,64.96,6.7,53.33,63.33,34.11,47.66,35.18,46.23
2026-10-02,16,10,2026-10-02 15:39:00,2,児島キングカップ開設74周年記念競走,3,3783,瓜生 正義,1,50,52.3,0,0,0.15,6.77,39.01,56.03,0,0,0,31.48,47.69,38.74,59.16
2026-10-02,16,10,2026-10-02 15:39:00,2,児島キングカップ開設74周年記念競走,4,4266,長田 頼宗,1,41,51.5,0,0,0.15,7.47,54.17,70.83,4.88,25,25,33.03,50.23,34.59,54.05
2026-10-02,16,10,2026-10-02 15:39:00,2,児島キングカップ開設74周年記念競走,5,4370,山口 達也,1,39,52.7,0,0,0.14,6.81,56.25,66.67,6.7,54.23,64.08,37.67,46.98,30.41,46.39
2026-10-02,16,10,2026-10-02 15:39:00,2,児島キングカップ開設74周年記念競走,6,4980,佐々木 完太,1,30,52,0,0,0.16,6.97,50.82,62.3,6.8,46.43,64.29,29.82,41.74,30.96,48.22
2026-10-02,16,11,2026-10-02 16:14:00,2,児島キングカップ開設74周年記念競走,1,4762,藤原 啓史朗,1,36,50.5,0,0,0.13,7.36,56.06,75.76,7.39,56.08,76.35,33.82,53.43,46.63,61.14
2026-10-02,16,11,2026-10-02 16:14:00,2,児島キングカップ開設74周年記念競走,2,4584,村岡 賢人,1,36,52,1,0,0.12,6.73,47,67,6.95,52.98,74.17,41.67,59.72,30.85,45.21
2026-10-02,16,11,2026-10-02 16:14:00,2,児島キングカップ開設74周年記念競走,3,4787,椎名 豊,1,38,52.3,0,0,0.14,7.65,65.67,79.85,6.56,44.44,66.67,39.82,58.82,36.98,53.13
2026-10-02,16,11,2026-10-02 16:14:00,2,児島キングカップ開設74周年記念競走,4,4497,桑原 悠,1,39,52.1,1,0,0.14,7.47,57.14,71.43,8,80,80,32.73,49.09,38.66,53.61
2026-10-02,16,11,2026-10-02 16:14:00,2,児島キングカップ開設74周年記念競走,5,4503,上野 真之介,1,38,52,0,0,0.11,7.98,63.31,79.86,7.89,66.67,81.48,33.95,51.63,34,52
2026-10-02,16,11,2026-10-02 16:14:00,2,児島キングカップ開設74周年記念競走,6,4371,西山 貴浩,1,39,52.2,0,0,0.13,7.16,44.35,61.74,6.44,33.33,55.56,27.78,41.67,30.85,47.26
2026-10-02,16,12,2026-10-02 16:50:00,2,児島キングカップ開設74周年記念競走,1,4320,峰 竜太,1,41,52,0,0,0.13,8.71,62.11,81.05,8.11,55.56,88.89,40,57.67,32.84,51.24
2026-10-02,16,12,2026-10-02 16:50:00,2,児島キングカップ開設74周年記念競走,2,4831,羽野 直也,1,31,54.1,0,0,0.15,7.17,54.21,67.29,7.13,37.5,62.5,35.71,51.34,39.18,53.09
2026-10-02,16,12,2026-10-02 16:50:00,2,児島キングカップ開設74周年記念競走,3,4397,西村 拓也,1,39,52,0,0,0.13,7.39,60,76.43,7.42,64.52,70.97,35.65,50.93,32.63,47.89
2026-10-02,16,12,2026-10-02 16:50:00,2,児島キングカップ開設74周年記念競走,4,4205,山口 剛,1,44,52.6,0,0,0.14,7.52,49.51,66.99,7.89,77.78,77.78,27.83,44.81,30.35,51.74
2026-10-02,16,12,2026-10-02 16:50:00,2,児島キングカップ開設74周年記念競走,5,4812,西野 雄貴,1,36,51.5,0,0,0.14,7.79,67.37,85.26,0,0,0,43.72,63.26,32.83,47.98
2026-10-02,16,12,2026-10-02 16:50:00,2,児島キングカップ開設74周年記念競走,6,4851,関 浩哉,1,31,51,0,0,0.13,7.58,48.33,65,6.78,55.56,55.56,34.27,50.7,35.2,56.63
2026-10-02,18,1,2026-10-02 08:51:00,5,スカパー!・JLC杯徳山ルーキーシリーズ第18戦,1,5145,島川 海輝,2,23,55.6,0,0,0.16,6.31,48.82,64.57,6.13,42.14,58.57,29.73,49.55,26.54,44.08
2026-10-02,18,1,2026-10-02 08:51:00,5,スカパー!・JLC杯徳山ルーキーシリーズ第18戦,2,5332,村松 遥輝,3,22,53.4,1,0,0.16,3.58,14.08,26.76,1.71,0,5.88,22.61,36.52,35.41,54.07
2026-10-02,18,1,2026-10-02 08:51:00,5,スカパー!・JLC杯徳山ルーキーシリーズ第18戦,3,5245,倉富 大誠,3,25,51.7,1,0,0.18,5.33,37.23,53.19,0,0,0,30.4,49.6,33.49,49.08
2026-10-02,18,1,2026-10-02 08:51:00,5,スカパー!・JLC杯徳山ルーキーシリーズ第18戦,4,5157,市川 健太,3,28,53.9,0,0,0.17,4.8,31.25,45.83,0,0,0,39.78,58.06,41.47,59.91
2026-10-02,18,1,2026-10-02 08:51:00,5,スカパー!・JLC杯徳山ルーキーシリーズ第18戦,5,5183,中野 孝二,3,27,54.7,1,0,0.17,5.11,29.89,51.72,5.83,38.89,66.67,26.04,41.67,29.41,44.8
2026-10-02,18,1,2026-10-02 08:51:00,5,スカパー!・JLC杯徳山ルーキーシリーズ第18戦,6,5375,庄島 潤成,3,22,53.7,0,0,0.19,2.85,2.27,12.5,1.97,0,5.88,36.36,57.02,34.86,46.33
2026-10-02,18,2,2026-10-02 09:17:00,5,スカパー!・JLC杯徳山ルーキーシリーズ第18戦,1,5280,廣瀬 凜,1,23,51.4,0,0,0.16,6.81,50,70.77,5.29,23.53,52.94,35.71,53.57,33.02,54.42
2026-10-02,18,2,2026-10-02 09:17:00,5,スカパー!・JLC杯徳山ルーキーシリーズ第18戦,2,5137,川原 涼,2,26,54,0,0,0.17,5.23,37.74,50.94,7.93,66.67,86.67,44.66,62.14,35.91,55.45
2026-10-02,18,2,2026-10-02 09:17:00,5,スカパー!・JLC杯徳山ルーキーシリーズ第18戦,3,5288,尾道 佳諭,3,26,52.4,1,0,0.17,3.96,15.19,34.18,3.82,5.88,23.53,38.6,53.51,34.1,52.07
2026-10-02,18,2,2026-10-02 09:17:00,5,スカパー!・JLC杯徳山ルーキーシリーズ第18戦,4,5224,西岡 顕心,1,25,51.5,1,0,0.15,7.29,48.98,66.33,7.57,56.67,83.33,25.84,42.7,27.4,44.29
2026-10-02,18,2,2026-10-02 09:17:00,5,スカパー!・JLC杯徳山ルーキーシリーズ第18戦,5,5243,三馬 崇史,3,26,54.3,0,0,0.17,6.03,46.43,64.29,3.43,14.29,42.86,19.19,38.38,38.31,58.21
2026-10-02,18,2,2026-10-02 09:17:00,5,スカパー!・JLC杯徳山ルーキーシリーズ第18戦,6,5417,小柳 勝希,3,20,52,1,0,0.2,4.44,20,40,2.44,0,0,23.58,38.68,34.84,54.3
2026-10-02,18,3,2026-10-02 09:43:00,5,スカパー!・JLC杯徳山ルーキーシリーズ第18戦,1,5134,大原 祥昌,2,27,52.6,0,0,0.15,5.66,38.46,59.83,5.6,42.5,50,27.36,40.57,36.36,52.27
2026-10-02,18,3,2026-10-02 09:43:00,5,スカパー!・JLC杯徳山ルーキーシリーズ第18戦,2,5336,瀬川 大地,3,20,55.1,1,0,0.15,3.41,15.94,26.09,2.12,9.09,9.09,29.91,47.86,40,59.09
2026-10-02,18,3,2026-10-02 09:43:00,5,スカパー!・JLC杯徳山ルーキーシリーズ第18戦,3,5170,佐藤 太亮,3,25,50.6,0,0,0.15,5.5,31.4,59.3,4.33,16.67,25,20,34.55,29.03,46.08
2026-10-02,18,3,2026-10-02 09:43:00,5,スカパー!・JLC杯徳山ルーキーシリーズ第18戦,4,5299,西丸 敦基,2,24,53.2,0,0,0.15,6.05,43.14,61.76,4.17,16.67,50,37.61,51.38,33.95,50.7
2026-10-02,18,3,2026-10-02 09:43:00,5,スカパー!・JLC杯徳山ルーキーシリーズ第18戦,5,5396,近藤 来希,4,24,49.2,0,0,0.2,2.4,2.5,6.25,1.52,0,0,37.7,50.82,33.94,46.61
2026-10-02,18,3,2026-10-02 09:43:00,5,スカパー!・JLC杯徳山ルーキーシリーズ第18戦,6,5255,藤原 仙二,1,22,54.2,1,0,0.18,6.3,42.34,65.77,6.18,54.55,72.73,33.07,51.97,32.43,49.1
2026-10-02,18,4,2026-10-02 10:09:00,5,スカパー!・JLC杯徳山ルーキーシリーズ第18戦,1,5136,濱野 斗馬,1,26,55,0,0,0.14,6.16,47.9,57.98,5.93,41.38,55.17,32.71,54.21,28.77,43.84
2026-10-02,18,4,2026-10-02 10:09:00,5,スカパー!・JLC杯徳山ルーキーシリーズ第18戦,2,5166,仲道 大輔,2,26,52.1,0,0,0.16,5.99,40.57,60.38,6.93,50,75,38,56,41.28,54.13
2026-10-02,18,4,2026-10-02 10:09:00,5,スカパー!・JLC杯徳山ルーキーシリーズ第18戦,3,5293,眞崎 武蔵,3,24,51.7,0,0,0.21,4.39,20.9,43.28,2.89,0,22.22,24.55,35.45,36.04,50
2026-10-02,18,4,2026-10-02 10:09:00,5,スカパー!・JLC杯徳山ルーキーシリーズ第18戦,4,5214,田中 宏典,3,27,54.2,0,0,0.18,4.46,26.44,40.23,6.11,44.44,66.67,30.33,42.62,33.18,49.77
2026-10-02,18,4,2026-10-02 10:09:00,5,スカパー!・JLC杯徳山ルーキーシリーズ第18戦,5,5368,宮崎 心之介,3,24,53.5,0,0,0.17,6.32,46.59,62.5,0,0,0,29.91,44.86,28.7,48.15
2026-10-02,18,4,2026-10-02 10:09:00,5,スカパー!・JLC杯徳山ルーキーシリーズ第18戦,6,5448,福田 柊人,4,24,50.2,0,0,,1.14,0,0,0,0,0,31.91,47.87,29.95,43.32
2026-10-02,18,5,2026-10-02 10:37:00,5,スカパー!・JLC杯徳山ルーキーシリーズ第18戦,1,5298,水谷 理人,1,24,51.6,0,0,0.16,7.12,58.72,69.72,0,0,0,26.8,42.27,33.33,51.85
2026-10-02,18,5,2026-10-02 10:37:00,5,スカパー!・JLC杯徳山ルーキーシリーズ第18戦,2,5394,福西 広太郎,3,25,51.2,0,0,0.18,3.32,10.68,26.21,0,0,0,49.48,62.89,25.12,43.72
2026-10-02,18,5,2026-10-02 10:37:00,5,スカパー!・JLC杯徳山ルーキーシリーズ第18戦,3,5085,中村 栄治,2,27,52.5,0,0,0.22,5.01,30.17,43.97,4.38,28.13,37.5,38.52,54.92,29.72,48.58
2026-10-02,18,5,2026-10-02 10:37:00,5,スカパー!・JLC杯徳山ルーキーシリーズ第18戦,4,5197,中野 仁照,4,24,54.4,1,0,0.14,5.85,38.46,62.82,5.55,27.27,63.64,27.96,44.09,38.79,58.88
2026-10-02,18,5,2026-10-02 10:37:00,5,スカパー!・JLC杯徳山ルーキーシリーズ第18戦,5,5160,藤森 陸斗,2,27,53.4,0,0,0.15,5.72,39.83,54.24,5.32,34.21,52.63,39.05,61.9,34.72,48.61
2026-10-02,18,5,2026-10-02 10:37:00,5,スカパー!・JLC杯徳山ルーキーシリーズ第18戦,6,5332,村松 遥輝,3,22,53.4,1,0,0.16,3.58,14.08,26.76,1.71,0,5.88,22.61,36.52,35.41,54.07
2026-10-02,18,6,2026-10-02 11:07:00,5,スカパー!・JLC杯徳山ルーキーシリーズ第18戦,1,5157,市川 健太,3,28,53.9,0,0,0.17,4.8,31.25,45.83,0,0,0,39.78,58.06,41.47,59.91
2026-10-02,18,6,2026-10-02 11:07:00,5,スカパー!・JLC杯徳山ルーキーシリーズ第18戦,2,5318,河内 一馬,3,25,55.2,1,0,0.17,3.97,22.22,30.56,0,0,0,22.83,38.04,30.73,44.5
2026-10-02,18,6,2026-10-02 11:07:00,5,スカパー!・JLC杯徳山ルーキーシリーズ第18戦,3,4985,井本 昌也,1,29,51.8,0,0,0.15,6.64,51.75,65.79,6.55,50.47,62.62,39.1,58.65,25.35,40.09
2026-10-02,18,6,2026-10-02 11:07:00,5,スカパー!・JLC杯徳山ルーキーシリーズ第18戦,4,5185,加藤 優弥,3,26,52.5,1,0,0.13,5.26,32.86,48.57,5.33,33.33,61.9,52.54,74.58,28.29,48.29
2026-10-02,18,6,2026-10-02 11:07:00,5,スカパー!・JLC杯徳山ルーキーシリーズ第18戦,5,5137,川原 涼,2,26,54,0,0,0.17,5.23,37.74,50.94,7.93,66.67,86.67,44.66,62.14,35.91,55.45
2026-10-02,18,6,2026-10-02 11:07:00,5,スカパー!・JLC杯徳山ルーキーシリーズ第18戦,6,5432,安藤 瑠希,3,21,52.2,0,0,0.17,2.85,5.13,16.67,0,0,0,39.8,55.1,40,54.88
2026-10-02,18,7,2026-10-02 11:38:00,5,スカパー!・JLC杯徳山ルーキーシリーズ第18戦,1,5170,佐藤 太亮,3,25,50.6,0,0,0.15,5.5,31.4,59.3,4.33,16.67,25,20,34.55,29.03,46.08
2026-10-02,18,7,2026-10-02 11:38:00,5,スカパー!・JLC杯徳山ルーキーシリーズ第18戦,2,5042,畑田 汰一,1,27,52.7,2,0,0.12,6.5,49.04,66.35,0,0,0,33.61,50,33.02,52.36
2026-10-02,18,7,2026-10-02 11:38:00,5,スカパー!・JLC杯徳山ルーキーシリーズ第18戦,3,5183,中野 孝二,3,27,54.7,1,0,0.17,5.11,29.89,51.72,5.83,38.89,66.67,26.04,41.67,29.41,44.8
2026-10-02,18,7,2026-10-02 11:38:00,5,スカパー!・JLC杯徳山ルーキーシリーズ第18戦,4,5372,上岡 巧汰,4,24,52.3,1,0,0.15,2.07,3.64,9.09,1,0,0,40,56.36,36.41,54.84
2026-10-02,18,7,2026-10-02 11:38:00,5,スカパー!・JLC杯徳山ルーキーシリーズ第18戦,5,5330,安河内 鈴之介,2,22,51.4,0,0,0.15,6.73,50.83,73.33,4.23,25.81,32.26,30.48,46.67,28.9,41.28
2026-10-02,18,7,2026-10-02 11:38:00,5,スカパー!・JLC杯徳山ルーキーシリーズ第18戦,6,5417,小柳 勝希,3,20,52,1,0,0.2,4.44,20,40,2.44,0,0,23.58,38.68,34.84,54.3
2026-10-02,18,8,2026-10-02 12:09:00,5,スカパー!・JLC杯徳山ルーキーシリーズ第18戦,1,5293,眞崎 武蔵,3,24,51.7,0,0,0.21,4.39,20.9,43.28,2.89,0,22.22,24.55,35.45,36.04,50
2026-10-02,18,8,2026-10-02 12:09:00,5,スカパー!・JLC杯徳山ルーキーシリーズ第18戦,2,5282,中本 大樹,3,23,54,0,0,0.17,5.14,38.74,50.45,3.83,16.67,27.78,36.28,52.21,26.64,43.93
2026-10-02,18,8,2026-10-02 12:09:00,5,スカパー!・JLC杯徳山ルーキーシリーズ第18戦,3,5178,成貞 琳平,3,30,53.6,0,0,0.19,4.39,21.05,36.84,0,0,0,30.77,51.28,26.44,47.12
2026-10-02,18,8,2026-10-02 12:09:00,5,スカパー!・JLC杯徳山ルーキーシリーズ第18戦,4,5145,島川 海輝,2,23,55.6,0,0,0.16,6.31,48.82,64.57,6.13,42.14,58.57,29.73,49.55,26.54,44.08
2026-10-02,18,8,2026-10-02 12:09:00,5,スカパー!・JLC杯徳山ルーキーシリーズ第18戦,5,5374,木山 大聖,3,23,50.4,1,0,0.16,3.64,12.16,31.08,1.7,0,0,40.17,54.7,29.86,43.44
2026-10-02,18,8,2026-10-02 12:09:00,5,スカパー!・JLC杯徳山ルーキーシリーズ第18戦,6,5158,宮脇 遼太,1,28,53.6,0,0,0.16,6.36,52.99,63.25,5.61,36.84,52.63,31.46,56.18,29.95,42.86
2026-10-02,18,9,2026-10-02 12:41:00,5,スカパー!・JLC杯徳山ルーキーシリーズ第18戦,1,5232,樅山 拓馬,3,29,52.3,1,0,0.16,5.55,35.05,51.55,5.67,33.33,55.56,30.3,53.79,30.7,46.51
2026-10-02,18,9,2026-10-02 12:41:00,5,スカパー!・JLC杯徳山ルーキーシリーズ第18戦,2,5224,西岡 顕心,1,25,51.5,1,0,0.15,7.29,48.98,66.33,7.57,56.67,83.33,25.84,42.7,27.4,44.29
2026-10-02,18,9,2026-10-02 12:41:00,5,スカパー!・JLC杯徳山ルーキーシリーズ第18戦,3,5154,村松 栄太,3,30,53.8,0,0,0.18,4.77,30.21,40.63,5.18,32.14,46.43,22.52,36.94,40.64,53.88
2026-10-02,18,9,2026-10-02 12:41:00,5,スカパー!・JLC杯徳山ルーキーシリーズ第18戦,4,5368,宮崎 心之介,3,24,53.5,0,0,0.17,6.32,46.59,62.5,0,0,0,29.91,44.86,28.7,48.15
2026-10-02,18,9,2026-10-02 12:41:00,5,スカパー!・JLC杯徳山ルーキーシリーズ第18戦,5,5085,中村 栄治,2,27,52.5,0,0,0.22,5.01,30.17,43.97,4.38,28.13,37.5,38.52,54.92,29.72,48.58
2026-10-02,18,9,2026-10-02 12:41:00,5,スカパー!・JLC杯徳山ルーキーシリーズ第18戦,6,5405,竹内 来,3,22,51.7,0,0,0.19,2.54,7.04,15.49,0,0,0,25.25,41.41,39.63,48.85
2026-10-02,18,10,2026-10-02 13:12:00,5,スカパー!・JLC杯徳山ルーキーシリーズ第18戦,1,5197,中野 仁照,4,24,54.4,1,0,0.14,5.85,38.46,62.82,5.55,27.27,63.64,27.96,44.09,38.79,58.88
2026-10-02,18,10,2026-10-02 13:12:00,5,スカパー!・JLC杯徳山ルーキーシリーズ第18戦,2,5130,上野 拓馬,3,28,53.7,0,0,0.18,4.71,22.45,43.88,3.69,18.75,31.25,35.66,51.94,38.81,53.88
2026-10-02,18,10,2026-10-02 13:12:00,5,スカパー!・JLC杯徳山ルーキーシリーズ第18戦,3,5066,鈴木 孝明,1,28,53.5,0,0,0.17,6.52,49.57,66.09,6.59,44.83,72.41,23.89,39.82,33.78,53.6
2026-10-02,18,10,2026-10-02 13:12:00,5,スカパー!・JLC杯徳山ルーキーシリーズ第18戦,4,5243,三馬 崇史,3,26,54.3,0,0,0.17,6.03,46.43,64.29,3.43,14.29,42.86,19.19,38.38,38.31,58.21
2026-10-02,18,10,2026-10-02 13:12:00,5,スカパー!・JLC杯徳山ルーキーシリーズ第18戦,5,5375,庄島 潤成,3,22,53.7,0,0,0.19,2.85,2.27,12.5,1.97,0,5.88,36.36,57.02,34.86,46.33
2026-10-02,18,10,2026-10-02 13:12:00,5,スカパー!・JLC杯徳山ルーキーシリーズ第18戦,6,5299,西丸 敦基,2,24,53.2,0,0,0.15,6.05,43.14,61.76,4.17,16.67,50,37.61,51.38,33.95,50.7
2026-10-02,18,11,2026-10-02 13:49:00,5,スカパー!・JLC杯徳山ルーキーシリーズ第18戦,1,5288,尾道 佳諭,3,26,52.4,1,0,0.17,3.96,15.19,34.18,3.82,5.88,23.53,38.6,53.51,34.1,52.07
2026-10-02,18,11,2026-10-02 13:49:00,5,スカパー!・JLC杯徳山ルーキーシリーズ第18戦,2,5245,倉富 大誠,3,25,51.7,1,0,0.18,5.33,37.23,53.19,0,0,0,30.4,49.6,33.49,49.08
2026-10-02,18,11,2026-10-02 13:49:00,5,スカパー!・JLC杯徳山ルーキーシリーズ第18戦,3,5160,藤森 陸斗,2,27,53.4,0,0,0.15,5.72,39.83,54.24,5.32,34.21,52.63,39.05,61.9,34.72,48.61
2026-10-02,18,11,2026-10-02 13:49:00,5,スカパー!・JLC杯徳山ルーキーシリーズ第18戦,4,5136,濱野 斗馬,1,26,55,0,0,0.14,6.16,47.9,57.98,5.93,41.38,55.17,32.71,54.21,28.77,43.84
2026-10-02,18,11,2026-10-02 13:49:00,5,スカパー!・JLC杯徳山ルーキーシリーズ第18戦,5,5185,加藤 優弥,3,26,52.5,1,0,0.13,5.26,32.86,48.57,5.33,33.33,61.9,52.54,74.58,28.29,48.29
2026-10-02,18,11,2026-10-02 13:49:00,5,スカパー!・JLC杯徳山ルーキーシリーズ第18戦,6,5396,近藤 来希,4,24,49.2,0,0,0.2,2.4,2.5,6.25,1.52,0,0,37.7,50.82,33.94,46.61
2026-10-02,18,12,2026-10-02 14:27:00,5,スカパー!・JLC杯徳山ルーキーシリーズ第18戦,1,4985,井本 昌也,1,29,51.8,0,0,0.15,6.64,51.75,65.79,6.55,50.47,62.62,39.1,58.65,25.35,40.09
2026-10-02,18,12,2026-10-02 14:27:00,5,スカパー!・JLC杯徳山ルーキーシリーズ第18戦,2,5158,宮脇 遼太,1,28,53.6,0,0,0.16,6.36,52.99,63.25,5.61,36.84,52.63,31.46,56.18,29.95,42.86
2026-10-02,18,12,2026-10-02 14:27:00,5,スカパー!・JLC杯徳山ルーキーシリーズ第18戦,3,5255,藤原 仙二,1,22,54.2,1,0,0.18,6.3,42.34,65.77,6.18,54.55,72.73,33.07,51.97,32.43,49.1
2026-10-02,18,12,2026-10-02 14:27:00,5,スカパー!・JLC杯徳山ルーキーシリーズ第18戦,4,5298,水谷 理人,1,24,51.6,0,0,0.16,7.12,58.72,69.72,0,0,0,26.8,42.27,33.33,51.85
2026-10-02,18,12,2026-10-02 14:27:00,5,スカパー!・JLC杯徳山ルーキーシリーズ第18戦,5,5166,仲道 大輔,2,26,52.1,0,0,0.16,5.99,40.57,60.38,6.93,50,75,38,56,41.28,54.13
2026-10-02,18,12,2026-10-02 14:27:00,5,スカパー!・JLC杯徳山ルーキーシリーズ第18戦,6,5042,畑田 汰一,1,27,52.7,2,0,0.12,6.5,49.04,66.35,0,0,0,33.61,50,33.02,52.36
2026-10-02,19,1,2026-10-02 15:28:00,5,ヴィーナスシリーズ第14戦 スターダム杯,1,4045,佐々木 裕美,3,46,48,0,0,0.17,4.78,31.76,42.35,5.15,38.78,53.06,41.49,56.38,25.81,39.78
2026-10-02,19,1,2026-10-02 15:28:00,5,ヴィーナスシリーズ第14戦 スターダム杯,2,4784,向井田 真紀,3,38,50.7,1,0,0.21,3.96,16.33,42.86,4.7,24.24,42.42,27.52,38.53,44,54
2026-10-02,19,1,2026-10-02 15:28:00,5,ヴィーナスシリーズ第14戦 スターダム杯,3,4997,濱崎 寿里矢,4,33,49.2,0,0,0.18,3.41,16.22,27.03,0,0,0,38.38,59.6,36.17,56.38
2026-10-02,19,1,2026-10-02 15:28:00,5,ヴィーナスシリーズ第14戦 スターダム杯,4,5391,出穂 和鼓,4,18,51.8,1,0,0.23,1.7,4.23,4.23,1.7,2.41,3.61,41.24,60.82,27.27,34.34
2026-10-02,19,1,2026-10-02 15:28:00,5,ヴィーナスシリーズ第14戦 スターダム杯,5,5440,薗頭 心,4,21,47.2,0,0,0.19,1.51,1.75,3.51,1.5,0,0,38.3,55.32,31.58,43.16
2026-10-02,19,1,2026-10-02 15:28:00,5,ヴィーナスシリーズ第14戦 スターダム杯,6,4400,加藤 奈月,3,38,51.7,0,0,0.18,4.11,13.75,33.75,2.78,11.11,11.11,26,49,41.41,54.55
2026-10-02,19,2,2026-10-02 15:56:00,5,ヴィーナスシリーズ第14戦 スターダム杯,1,4853,前原 哉,3,31,45,0,0,0.22,4.38,18.27,38.46,5.09,26.09,47.83,29.67,43.96,43.43,56.57
2026-10-02,19,2,2026-10-02 15:56:00,5,ヴィーナスシリーズ第14戦 スターダム杯,2,4893,渡邉 真奈美,3,36,47,0,0,0.16,5.34,35,52.5,0,0,0,41.05,57.89,32.32,52.53
2026-10-02,19,2,2026-10-02 15:56:00,5,ヴィーナスシリーズ第14戦 スターダム杯,3,4947,間庭 菜摘,3,34,47.4,0,0,0.17,5.02,26.79,48.21,4.51,16.28,39.53,20.43,40.86,21.88,50
2026-10-02,19,2,2026-10-02 15:56:00,5,ヴィーナスシリーズ第14戦 スターダム杯,4,3943,三松 直美,4,47,68.6,0,0,0.19,2.1,2.5,12.5,3.43,14.29,28.57,40,50.53,30.3,50.51
2026-10-02,19,2,2026-10-02 15:56:00,5,ヴィーナスシリーズ第14戦 スターダム杯,5,5360,高木 茉白,3,20,46,2,0,0.17,3.17,15.25,18.64,2.29,14.29,14.29,27.84,36.08,42.55,57.45
2026-10-02,19,2,2026-10-02 15:56:00,5,ヴィーナスシリーズ第14戦 スターダム杯,6,5146,野田 彩加,2,23,50.3,0,0,0.16,5.15,31.87,52.75,5.28,30,53,31.25,50,45.05,67.03
2026-10-02,19,3,2026-10-02 16:25:00,5,ヴィーナスシリーズ第14戦 スターダム杯,1,5250,嶋田 有里,3,24,46,0,0,0.19,5.03,25.56,50,2.56,12,12,30.19,48.11,32.99,47.42
2026-10-02,19,3,2026-10-02 16:25:00,5,ヴィーナスシリーズ第14戦 スターダム杯,2,4642,松尾 夏海,2,34,46.5,0,0,0.16,6.97,51.82,72.73,7.08,52,72,38.68,61.32,25.53,41.49
2026-10-02,19,3,2026-10-02 16:25:00,5,ヴィーナスシリーズ第14戦 スターダム杯,3,4844,村上 奈穂,3,33,50.2,0,0,0.18,4.13,20.24,33.33,4.52,24.14,44.83,52.04,60.2,36.17,56.38
2026-10-02,19,3,2026-10-02 16:25:00,5,ヴィーナスシリーズ第14戦 スターダム杯,4,5322,根岸 真優,3,24,45,0,0,0.19,3.85,17.71,34.38,2.24,4.76,9.52,34.34,50.51,34.74,47.37
2026-10-02,19,3,2026-10-02 16:25:00,5,ヴィーナスシリーズ第14戦 スターダム杯,5,3845,中谷 朋子,2,50,45,0,0,0.21,5.91,47.06,57.35,7.27,54.55,90.91,31.52,46.74,39.39,52.53
2026-10-02,19,3,2026-10-02 16:25:00,5,ヴィーナスシリーズ第14戦 スターダム杯,6,5437,中澤 里桜,4,21,51.7,1,0,0.23,1.54,1.92,3.85,0,0,0,37.25,56.86,26.8,39.18
2026-10-02,19,4,2026-10-02 16:52:00,5,ヴィーナスシリーズ第14戦 スターダム杯,1,5165,小林 愛実,3,26,47.7,0,0,0.16,5.01,28.4,49.38,3.13,0,25,42.11,58.95,42.42,63.64
2026-10-02,19,4,2026-10-02 16:52:00,5,ヴィーナスシリーズ第14戦 スターダム杯,2,4938,小芦 るり華,1,29,47,0,0,0.14,6.33,40.65,63.41,5.41,29.73,59.46,28.13,36.46,35.11,56.38
2026-10-02,19,4,2026-10-02 16:52:00,5,ヴィーナスシリーズ第14戦 スターダム杯,3,5317,長尾 萌加,3,25,45,1,0,0.17,4.65,21.21,47.47,3.96,13.33,33.33,36.73,51.02,24,42
2026-10-02,19,4,2026-10-02 16:52:00,5,ヴィーナスシリーズ第14戦 スターダム杯,4,5326,三嶌 さらら,3,22,47,0,0,0.19,5,30.43,46.96,1.5,0,0,32.14,51.19,33.33,51.52
2026-10-02,19,4,2026-10-02 16:52:00,5,ヴィーナスシリーズ第14戦 スターダム杯,5,5045,平川 香織,2,26,47,1,0,0.19,7,50,75,6.05,41.03,61.54,38.14,53.61,32.26,49.46
2026-10-02,19,4,2026-10-02 16:52:00,5,ヴィーナスシリーズ第14戦 スターダム杯,6,4678,水野 望美,3,37,47,1,0,0.17,4.23,20,36,5.15,36.96,47.83,34.41,45.16,37.76,54.08
2026-10-02,19,5,2026-10-02 17:19:00,5,ヴィーナスシリーズ第14戦 スターダム杯,1,4372,原田 佑実,2,39,47,0,0,0.17,6.28,46.39,58.76,5.95,40.91,63.64,38,59,37.89,52.63
2026-10-02,19,5,2026-10-02 17:19:00,5,ヴィーナスシリーズ第14戦 スターダム杯,2,4730,土屋 実沙希,3,37,47,0,0,0.17,5.19,32.94,47.06,5.24,33.33,47.62,32.32,49.49,30.85,51.06
2026-10-02,19,5,2026-10-02 17:19:00,5,ヴィーナスシリーズ第14戦 スターダム杯,3,4791,黒澤 めぐみ,3,36,47.5,0,0,0.2,6.15,39.81,66.99,5.75,50,62.5,22.47,32.58,31.25,53.13
2026-10-02,19,5,2026-10-02 17:19:00,5,ヴィーナスシリーズ第14戦 スターダム杯,4,4014,片岡 恵里,2,46,47.3,1,0,0.17,5.48,34.44,53.33,5.42,35.42,52.08,41.05,55.79,35,57
2026-10-02,19,5,2026-10-02 17:19:00,5,ヴィーナスシリーズ第14戦 スターダム杯,5,5416,龍田 真白,3,20,45,0,0,0.15,3.32,14.49,26.09,3.56,11.11,22.22,41.24,64.95,28.57,42.86
2026-10-02,19,5,2026-10-02 17:19:00,5,ヴィーナスシリーズ第14戦 スターダム杯,6,4720,西澤 日花里,3,32,47.8,1,0,0.2,3.38,11.59,30.43,4.96,29.17,45.83,25.51,48.98,38.3,52.13
2026-10-02,19,6,2026-10-02 17:47:00,5,ヴィーナスシリーズ第14戦 スターダム杯,1,3334,角 ひとみ,2,58,45.5,0,0,0.2,5.45,34.26,50.93,6.65,58.7,76.09,28.13,43.75,26.53,47.96
2026-10-02,19,6,2026-10-02 17:47:00,5,ヴィーナスシリーズ第14戦 スターダム杯,2,5342,原村 百那,4,24,47,0,0,0.17,2.86,11.59,17.39,2.03,5.19,10.39,41.58,54.46,33,53
2026-10-02,19,6,2026-10-02 17:47:00,5,ヴィーナスシリーズ第14戦 スターダム杯,3,5052,赤井 星璃菜,3,31,50,0,0,0.16,4,22,32,0,0,0,39.58,48.96,27.27,39.39
2026-10-02,19,6,2026-10-02 17:47:00,5,ヴィーナスシリーズ第14戦 スターダム杯,4,4947,間庭 菜摘,3,34,47.4,0,0,0.17,5.02,26.79,48.21,4.51,16.28,39.53,20.43,40.86,21.88,50
2026-10-02,19,6,2026-10-02 17:47:00,5,ヴィーナスシリーズ第14戦 スターダム杯,5,4373,若狭 奈美子,1,38,46.5,1,0,0.17,6.01,37,61,5.86,41.38,51.72,48.45,67.01,33.33,47.31
2026-10-02,19,6,2026-10-02 17:47:00,5,ヴィーナスシリーズ第14戦 スターダム杯,6,5440,薗頭 心,4,21,47.2,0,0,0.19,1.51,1.75,3.51,1.5,0,0,38.3,55.32,31.58,43.16
2026-10-02,19,7,2026-10-02 18:15:00,5,ヴィーナスシリーズ第14戦 スターダム杯,1,5265,大廣 咲季,3,26,45,0,0,0.15,3.88,18.28,35.48,2.82,0,27.27,22.58,39.78,24,31
2026-10-02,19,7,2026-10-02 18:15:00,5,ヴィーナスシリーズ第14戦 スターダム杯,2,4927,関野 文,2,32,45,0,0,0.16,6.04,42,64,6.44,46.88,62.5,42.86,62.24,30.93,51.55
2026-10-02,19,7,2026-10-02 18:15:00,5,ヴィーナスシリーズ第14戦 スターダム杯,3,5335,森 陽多,3,21,46.5,0,0,0.18,3.34,17.65,28.24,3.96,20.83,33.33,35.56,44.44,34.41,44.09
2026-10-02,19,7,2026-10-02 18:15:00,5,ヴィーナスシリーズ第14戦 スターダム杯,4,4997,濱崎 寿里矢,4,33,49.2,0,0,0.18,3.41,16.22,27.03,0,0,0,38.38,59.6,36.17,56.38
2026-10-02,19,7,2026-10-02 18:15:00,5,ヴィーナスシリーズ第14戦 スターダム杯,5,4556,竹井 奈美,1,37,46.5,0,0,0.16,6.55,50.54,66.67,6.27,43.24,62.16,51.52,64.65,44.44,63.64
2026-10-02,19,7,2026-10-02 18:15:00,5,ヴィーナスシリーズ第14戦 スターダム杯,6,5360,高木 茉白,3,20,46,2,0,0.17,3.17,15.25,18.64,2.29,14.29,14.29,27.84,36.08,42.55,57.45
2026-10-02,19,8,2026-10-02 18:46:00,5,ヴィーナスシリーズ第14戦 スターダム杯,1,4536,喜井 つかさ,2,36,47.2,1,0,0.16,6.07,42.99,60.75,5.72,37.93,65.52,32.26,52.69,42.86,59.18
2026-10-02,19,8,2026-10-02 18:46:00,5,ヴィーナスシリーズ第14戦 スターダム杯,2,4804,高田 ひかる,1,32,48,1,0,0.19,6.23,42.24,62.93,6.88,58.82,70.59,36.73,50,25.51,45.92
2026-10-02,19,8,2026-10-02 18:46:00,5,ヴィーナスシリーズ第14戦 スターダム杯,3,4045,佐々木 裕美,3,46,48,0,0,0.17,4.78,31.76,42.35,5.15,38.78,53.06,41.49,56.38,25.81,39.78
2026-10-02,19,8,2026-10-02 18:46:00,5,ヴィーナスシリーズ第14戦 スターダム杯,4,4678,水野 望美,3,37,47,1,0,0.17,4.23,20,36,5.15,36.96,47.83,34.41,45.16,37.76,54.08
2026-10-02,19,8,2026-10-02 18:46:00,5,ヴィーナスシリーズ第14戦 スターダム杯,5,5437,中澤 里桜,4,21,51.7,1,0,0.23,1.54,1.92,3.85,0,0,0,37.25,56.86,26.8,39.18
2026-10-02,19,8,2026-10-02 18:46:00,5,ヴィーナスシリーズ第14戦 スターダム杯,6,3943,三松 直美,4,47,68.6,0,0,0.19,2.1,2.5,12.5,3.43,14.29,28.57,40,50.53,30.3,50.51
2026-10-02,19,9,2026-10-02 19:18:00,5,ヴィーナスシリーズ第14戦 スターダム杯,1,5287,滝沢 織寧,3,27,47,1,0,0.16,3.65,11.11,26.98,3.22,11.11,22.22,25,41.35,31.18,48.39
2026-10-02,19,9,2026-10-02 19:18:00,5,ヴィーナスシリーズ第14戦 スターダム杯,2,4387,平山 智加,1,41,45.5,0,0,0.15,6.9,51.72,71.55,6.33,45.45,54.55,33.68,54.74,31.63,46.94
2026-10-02,19,9,2026-10-02 19:18:00,5,ヴィーナスシリーズ第14戦 スターダム杯,3,5165,小林 愛実,3,26,47.7,0,0,0.16,5.01,28.4,49.38,3.13,0,25,42.11,58.95,42.42,63.64
2026-10-02,19,9,2026-10-02 19:18:00,5,ヴィーナスシリーズ第14戦 スターダム杯,4,5189,藤原 早菜,2,25,46,0,0,0.2,5.24,28.95,49.12,5.8,37.14,57.14,43.27,69.23,38.78,57.14
2026-10-02,19,9,2026-10-02 19:18:00,5,ヴィーナスシリーズ第14戦 スターダム杯,5,5195,北村 寧々,2,25,47.8,1,0,0.15,5.52,37.5,47.73,4.36,14.29,42.86,26.04,41.67,21.88,36.46
2026-10-02,19,9,2026-10-02 19:18:00,5,ヴィーナスシリーズ第14戦 スターダム杯,6,4844,村上 奈穂,3,33,50.2,0,0,0.18,4.13,20.24,33.33,4.52,24.14,44.83,52.04,60.2,36.17,56.38
2026-10-02,19,10,2026-10-02 19:49:00,5,ヴィーナスシリーズ第14戦 スターダム杯,1,4014,片岡 恵里,2,46,47.3,1,0,0.17,5.48,34.44,53.33,5.42,35.42,52.08,41.05,55.79,35,57
2026-10-02,19,10,2026-10-02 19:49:00,5,ヴィーナスシリーズ第14戦 スターダム杯,2,5322,根岸 真優,3,24,45,0,0,0.19,3.85,17.71,34.38,2.24,4.76,9.52,34.34,50.51,34.74,47.37
2026-10-02,19,10,2026-10-02 19:49:00,5,ヴィーナスシリーズ第14戦 スターダム杯,3,4853,前原 哉,3,31,45,0,0,0.22,4.38,18.27,38.46,5.09,26.09,47.83,29.67,43.96,43.43,56.57
2026-10-02,19,10,2026-10-02 19:49:00,5,ヴィーナスシリーズ第14戦 スターダム杯,4,4400,加藤 奈月,3,38,51.7,0,0,0.18,4.11,13.75,33.75,2.78,11.11,11.11,26,49,41.41,54.55
2026-10-02,19,10,2026-10-02 19:49:00,5,ヴィーナスシリーズ第14戦 スターダム杯,5,3334,角 ひとみ,2,58,45.5,0,0,0.2,5.45,34.26,50.93,6.65,58.7,76.09,28.13,43.75,26.53,47.96
2026-10-02,19,10,2026-10-02 19:49:00,5,ヴィーナスシリーズ第14戦 スターダム杯,6,5326,三嶌 さらら,3,22,47,0,0,0.19,5,30.43,46.96,1.5,0,0,32.14,51.19,33.33,51.52
2026-10-02,19,11,2026-10-02 20:18:00,5,ヴィーナスシリーズ第14戦 スターダム杯,1,4373,若狭 奈美子,1,38,46.5,1,0,0.17,6.01,37,61,5.86,41.38,51.72,48.45,67.01,33.33,47.31
2026-10-02,19,11,2026-10-02 20:18:00,5,ヴィーナスシリーズ第14戦 スターダム杯,2,3845,中谷 朋子,2,50,45,0,0,0.21,5.91,47.06,57.35,7.27,54.55,90.91,31.52,46.74,39.39,52.53
2026-10-02,19,11,2026-10-02 20:18:00,5,ヴィーナスシリーズ第14戦 スターダム杯,3,5045,平川 香織,2,26,47,1,0,0.19,7,50,75,6.05,41.03,61.54,38.14,53.61,32.26,49.46
2026-10-02,19,11,2026-10-02 20:18:00,5,ヴィーナスシリーズ第14戦 スターダム杯,4,4784,向井田 真紀,3,38,50.7,1,0,0.21,3.96,16.33,42.86,4.7,24.24,42.42,27.52,38.53,44,54
2026-10-02,19,11,2026-10-02 20:18:00,5,ヴィーナスシリーズ第14戦 スターダム杯,5,4791,黒澤 めぐみ,3,36,47.5,0,0,0.2,6.15,39.81,66.99,5.75,50,62.5,22.47,32.58,31.25,53.13
2026-10-02,19,11,2026-10-02 20:18:00,5,ヴィーナスシリーズ第14戦 スターダム杯,6,4927,関野 文,2,32,45,0,0,0.16,6.04,42,64,6.44,46.88,62.5,42.86,62.24,30.93,51.55
2026-10-02,19,12,2026-10-02 20:45:00,5,ヴィーナスシリーズ第14戦 スターダム杯,1,4642,松尾 夏海,2,34,46.5,0,0,0.16,6.97,51.82,72.73,7.08,52,72,38.68,61.32,25.53,41.49
2026-10-02,19,12,2026-10-02 20:45:00,5,ヴィーナスシリーズ第14戦 スターダム杯,2,4536,喜井 つかさ,2,36,47.2,1,0,0.16,6.07,42.99,60.75,5.72,37.93,65.52,32.26,52.69,42.86,59.18
2026-10-02,19,12,2026-10-02 20:45:00,5,ヴィーナスシリーズ第14戦 スターダム杯,3,4556,竹井 奈美,1,37,46.5,0,0,0.16,6.55,50.54,66.67,6.27,43.24,62.16,51.52,64.65,44.44,63.64
2026-10-02,19,12,2026-10-02 20:45:00,5,ヴィーナスシリーズ第14戦 スターダム杯,4,4372,原田 佑実,2,39,47,0,0,0.17,6.28,46.39,58.76,5.95,40.91,63.64,38,59,37.89,52.63
2026-10-02,19,12,2026-10-02 20:45:00,5,ヴィーナスシリーズ第14戦 スターダム杯,5,4893,渡邉 真奈美,3,36,47,0,0,0.16,5.34,35,52.5,0,0,0,41.05,57.89,32.32,52.53
2026-10-02,19,12,2026-10-02 20:45:00,5,ヴィーナスシリーズ第14戦 スターダム杯,6,5317,長尾 萌加,3,25,45,1,0,0.17,4.65,21.21,47.47,3.96,13.33,33.33,36.73,51.02,24,42
2026-10-02,22,1,2026-10-02 11:04:00,5,マンスリーBOATRACE杯,1,4311,岡村 仁,1,42,55.1,1,0,0.15,6.11,46.24,58.06,6.06,45.45,66.67,35.97,51.8,23.93,40.17
2026-10-02,22,1,2026-10-02 11:04:00,5,マンスリーBOATRACE杯,2,3372,加藤 雅之,4,59,52.2,0,0,0.21,3.27,12.12,16.67,4.38,20,40,29.17,52.08,38.02,49.59
2026-10-02,22,1,2026-10-02 11:04:00,5,マンスリーBOATRACE杯,3,5020,宮村 勇哉,3,34,54.1,0,0,0.18,5.07,29.89,49.43,4.16,15.79,31.58,32.5,51.25,36.97,49.58
2026-10-02,22,1,2026-10-02 11:04:00,5,マンスリーBOATRACE杯,4,5369,岡崎 凪汰,3,24,52.2,0,0,0.17,3.16,13.51,17.57,1.65,0,5.88,28.77,43.84,31.09,48.74
2026-10-02,22,1,2026-10-02 11:04:00,5,マンスリーBOATRACE杯,5,4406,幸野 史明,3,41,52,0,0,0.16,4.05,16.48,30.77,4.42,19.35,45.16,34.04,46.81,30,46.67
2026-10-02,22,1,2026-10-02 11:04:00,5,マンスリーBOATRACE杯,6,3745,橋本 年光,3,51,52.4,0,0,0.19,5.29,27.08,53.13,6.23,43.33,63.33,40,54.78,39.5,57.98
2026-10-02,22,2,2026-10-02 11:36:00,5,マンスリーBOATRACE杯,1,3361,岡部 浩,3,57,52.3,0,0,0.19,4.26,21.62,32.43,4.67,22.22,55.56,41.67,56.06,33.04,51.79
2026-10-02,22,2,2026-10-02 11:36:00,5,マンスリーBOATRACE杯,2,3699,富永 正人,3,53,53.1,0,0,0.19,4.59,26.25,40,5.22,27.78,50,40.37,55.28,38.98,54.24
2026-10-02,22,2,2026-10-02 11:36:00,5,マンスリーBOATRACE杯,3,4899,占部 一真,3,34,52,0,0,0.16,3.87,23.19,27.54,4.7,27.66,40.43,37.42,53.99,36.13,49.58
2026-10-02,22,2,2026-10-02 11:36:00,5,マンスリーBOATRACE杯,4,4227,安達 裕樹,2,43,52.3,1,0,0.16,5.77,30.77,50.55,6.37,42.11,57.89,42.07,57.93,46.61,64.41
2026-10-02,22,2,2026-10-02 11:36:00,5,マンスリーBOATRACE杯,5,4798,浜先 真範,1,33,52,0,0,0.13,6.94,50,69.17,6.07,44.44,59.26,34.23,47.65,33.33,50.43
2026-10-02,22,2,2026-10-02 11:36:00,5,マンスリーBOATRACE杯,6,4396,大田 直弥,3,40,53.2,0,0,0.2,4.52,22.22,35.35,5.05,31.58,42.11,31.72,47.59,24.79,43.59
2026-10-02,22,3,2026-10-02 12:07:00,5,マンスリーBOATRACE杯,1,3224,栗山 繁洋,3,61,52.2,0,0,0.21,4.04,22.35,30.59,3.39,22.22,22.22,34.92,52.38,33.33,44.12
2026-10-02,22,3,2026-10-02 12:07:00,5,マンスリーBOATRACE杯,2,3797,岩井 繁,3,53,60.6,0,0,0.2,3.55,14.74,24.21,2.29,5.88,5.88,38.36,55.48,34.78,54.78
2026-10-02,22,3,2026-10-02 12:07:00,5,マンスリーBOATRACE杯,3,4645,上村 純一,1,46,52.4,0,0,0.14,6.68,47.83,70.43,6.05,50,54.55,37.16,54.05,31.36,47.46
2026-10-02,22,3,2026-10-02 12:07:00,5,マンスリーBOATRACE杯,4,4164,岩永 節也,3,44,52.3,0,0,0.19,4.12,16.87,36.14,3.5,0,50,45.07,60.56,22.41,37.07
2026-10-02,22,3,2026-10-02 12:07:00,5,マンスリーBOATRACE杯,5,3955,眞田 英二,4,49,52,0,0,0.19,4.53,25.71,41.43,5.2,34.29,51.43,33.33,50.94,32.48,55.56
2026-10-02,22,3,2026-10-02 12:07:00,5,マンスリーBOATRACE杯,6,5469,今泉 博人,4,18,54.1,0,0,,1.6,0,1.72,1.44,0,0,31.88,44.2,19.47,33.63
2026-10-02,22,4,2026-10-02 12:39:00,5,マンスリーBOATRACE杯,1,4299,中島 浩哉,3,43,55.5,0,0,0.15,4.56,26.98,46.03,4.65,20,50,28.69,41.8,39.5,57.14
2026-10-02,22,4,2026-10-02 12:39:00,5,マンスリーBOATRACE杯,2,4902,山川 雄大,3,33,52,0,0,0.2,4.38,30.61,40.82,4.64,32.14,53.57,28.79,46.97,21.01,36.13
2026-10-02,22,4,2026-10-02 12:39:00,5,マンスリーBOATRACE杯,3,3268,森 竜也,3,61,52.8,0,0,0.17,4.87,31.37,44.12,0,0,0,60.58,80.77,33.88,55.37
2026-10-02,22,4,2026-10-02 12:39:00,5,マンスリーBOATRACE杯,4,5092,篠原 晟弥,2,25,51.5,1,0,0.13,5.65,39.71,52.94,6.09,44.88,66.14,33.07,48.82,30.7,50
2026-10-02,22,4,2026-10-02 12:39:00,5,マンスリーBOATRACE杯,5,3957,大谷 直弘,3,49,53.1,0,0,0.19,4.75,28.71,45.54,5.35,30,55,39.23,51.54,31.62,48.72
2026-10-02,22,4,2026-10-02 12:39:00,5,マンスリーBOATRACE杯,6,5121,定松 勇樹,1,25,52,1,0,0.13,7.32,46.67,62.67,7.38,75,75,34.35,51.91,44.07,62.71
2026-10-02,22,5,2026-10-02 13:06:00,5,マンスリーBOATRACE杯,1,5369,岡崎 凪汰,3,24,52.2,0,0,0.17,3.16,13.51,17.57,1.65,0,5.88,28.77,43.84,31.09,48.74
2026-10-02,22,5,2026-10-02 13:06:00,5,マンスリーBOATRACE杯,2,5067,山田 真聖,3,27,56.6,1,0,0.16,4.84,30.23,48.84,3.83,17.14,28.57,28.86,48.99,37.19,48.76
2026-10-02,22,5,2026-10-02 13:06:00,5,マンスリーBOATRACE杯,3,4441,末永 由楽,2,40,52.5,0,0,0.14,5.96,38.79,57.76,6.09,45.45,63.64,26.13,34.23,41.53,59.32
2026-10-02,22,5,2026-10-02 13:06:00,5,マンスリーBOATRACE杯,4,5016,宮田 龍馬,1,28,51.5,0,0,0.14,7.06,45.83,73.96,5.5,34.78,47.83,37.59,54.89,38.94,57.52
2026-10-02,22,5,2026-10-02 13:06:00,5,マンスリーBOATRACE杯,5,3265,今村 暢孝,2,61,52.5,1,0,0.15,5.68,39.24,55.7,0,0,0,28.85,47.44,39.47,54.39
2026-10-02,22,5,2026-10-02 13:06:00,5,マンスリーBOATRACE杯,6,3784,中島 友和,3,50,52.5,0,0,0.16,4.96,30.77,47.25,4.59,27.59,44.83,34.86,53.21,39.83,50
2026-10-02,22,6,2026-10-02 13:39:00,5,マンスリーBOATRACE杯,1,5006,久保原 秀人,3,30,54.3,0,0,0.2,2.7,7.5,17.5,0,0,0,40,60,28.44,50.46
2026-10-02,22,6,2026-10-02 13:39:00,5,マンスリーBOATRACE杯,2,5009,大賀 龍之介,2,29,54.4,1,0,0.16,4.78,28.77,43.84,4.98,38.33,48.33,36.11,58.33,41.38,52.59
2026-10-02,22,6,2026-10-02 13:39:00,5,マンスリーBOATRACE杯,3,3964,宮地 博士,3,47,53.5,0,0,0.2,3.66,10.64,27.66,0,0,0,40,60,33.61,52.94
2026-10-02,22,6,2026-10-02 13:39:00,5,マンスリーBOATRACE杯,4,3361,岡部 浩,3,57,52.3,0,0,0.19,4.26,21.62,32.43,4.67,22.22,55.56,41.67,56.06,33.04,51.79
2026-10-02,22,6,2026-10-02 13:39:00,5,マンスリーBOATRACE杯,5,5020,宮村 勇哉,3,34,54.1,0,0,0.18,5.07,29.89,49.43,4.16,15.79,31.58,32.5,51.25,36.97,49.58
2026-10-02,22,6,2026-10-02 13:39:00,5,マンスリーBOATRACE杯,6,3473,石川 真二,1,56,52,1,0,0.14,6.97,56.2,71.07,6.89,50.6,73.49,42.47,54.79,40.17,52.99
2026-10-02,22,7,2026-10-02 14:10:00,5,マンスリーBOATRACE杯,1,3797,岩井 繁,3,53,60.6,0,0,0.2,3.55,14.74,24.21,2.29,5.88,5.88,38.36,55.48,34.78,54.78
2026-10-02,22,7,2026-10-02 14:10:00,5,マンスリーBOATRACE杯,2,3459,中野 和裕,3,59,53.5,1,0,0.17,3.2,10.11,20.22,4.53,24.49,42.86,27.83,44.35,36.52,46.96
2026-10-02,22,7,2026-10-02 14:10:00,5,マンスリーBOATRACE杯,3,5337,出畑 孝成,3,20,52.9,0,0,0.2,4.11,20.65,35.87,3.44,15.25,27.12,37.5,59.38,33.33,46.15
2026-10-02,22,7,2026-10-02 14:10:00,5,マンスリーBOATRACE杯,4,4788,小池 哲也,2,37,53.2,0,0,0.16,5.51,33.33,54.29,5.42,32.26,54.84,36.62,56.34,27.83,42.61
2026-10-02,22,7,2026-10-02 14:10:00,5,マンスリーBOATRACE杯,5,5068,前田 滉,1,26,51,0,0,0.14,7.97,67.59,84.26,7.2,50,70,26.57,46.85,23.21,34.82
2026-10-02,22,7,2026-10-02 14:10:00,5,マンスリーBOATRACE杯,6,5457,山田 陽翔,4,20,51,0,0,,1.16,0,0,0,0,0,40.27,55.7,32.23,53.72
2026-10-02,22,8,2026-10-02 14:46:00,5,マンスリーBOATRACE杯,1,3711,江本 真治,2,52,52.9,1,0,0.15,5.8,35.92,60.19,6.27,36.36,72.73,36.51,60.32,27.83,40.87
2026-10-02,22,8,2026-10-02 14:46:00,5,マンスリーBOATRACE杯,2,3268,森 竜也,3,61,52.8,0,0,0.17,4.87,31.37,44.12,0,0,0,60.58,80.77,33.88,55.37
2026-10-02,22,8,2026-10-02 14:46:00,5,マンスリーBOATRACE杯,3,3372,加藤 雅之,4,59,52.2,0,0,0.21,3.27,12.12,16.67,4.38,20,40,29.17,52.08,38.02,49.59
2026-10-02,22,8,2026-10-02 14:46:00,5,マンスリーBOATRACE杯,4,4899,占部 一真,3,34,52,0,0,0.16,3.87,23.19,27.54,4.7,27.66,40.43,37.42,53.99,36.13,49.58
2026-10-02,22,8,2026-10-02 14:46:00,5,マンスリーBOATRACE杯,5,5469,今泉 博人,4,18,54.1,0,0,,1.6,0,1.72,1.44,0,0,31.88,44.2,19.47,33.63
2026-10-02,22,8,2026-10-02 14:46:00,5,マンスリーBOATRACE杯,6,4459,片岡 雅裕,2,40,53.1,1,0,0.12,6.41,45.33,54.67,5,18.75,25,33.94,42.2,31.93,51.26
2026-10-02,22,9,2026-10-02 15:12:00,5,マンスリーBOATRACE杯,1,4428,有賀 達也,2,41,52.5,0,0,0.14,6.35,44.04,65.14,5.65,23.08,53.85,22.39,40.3,32.76,44.83
2026-10-02,22,9,2026-10-02 15:12:00,5,マンスリーBOATRACE杯,2,3955,眞田 英二,4,49,52,0,0,0.19,4.53,25.71,41.43,5.2,34.29,51.43,33.33,50.94,32.48,55.56
2026-10-02,22,9,2026-10-02 15:12:00,5,マンスリーBOATRACE杯,3,4406,幸野 史明,3,41,52,0,0,0.16,4.05,16.48,30.77,4.42,19.35,45.16,34.04,46.81,30,46.67
2026-10-02,22,9,2026-10-02 15:12:00,5,マンスリーBOATRACE杯,4,4798,浜先 真範,1,33,52,0,0,0.13,6.94,50,69.17,6.07,44.44,59.26,34.23,47.65,33.33,50.43
2026-10-02,22,9,2026-10-02 15:12:00,5,マンスリーBOATRACE杯,5,5038,金田 智博,2,28,52,0,0,0.16,6.53,50.85,62.71,6.09,45.45,72.73,41.35,55.77,33.06,52.07
2026-10-02,22,9,2026-10-02 15:12:00,5,マンスリーBOATRACE杯,6,4579,中嶋 健一郎,2,37,53,0,0,0.16,6.12,40.78,60.19,6.35,29.41,52.94,19.83,42.24,35.9,56.41
2026-10-02,22,10,2026-10-02 15:37:00,5,マンスリーBOATRACE杯,1,4210,松村 康太,2,43,52.9,0,0,0.17,5.52,29.09,57.27,7,50,80,45.05,65.77,31.62,47.01
2026-10-02,22,10,2026-10-02 15:37:00,5,マンスリーBOATRACE杯,2,4645,上村 純一,1,46,52.4,0,0,0.14,6.68,47.83,70.43,6.05,50,54.55,37.16,54.05,31.36,47.46
2026-10-02,22,10,2026-10-02 15:37:00,5,マンスリーBOATRACE杯,3,3265,今村 暢孝,2,61,52.5,1,0,0.15,5.68,39.24,55.7,0,0,0,28.85,47.44,39.47,54.39
2026-10-02,22,10,2026-10-02 15:37:00,5,マンスリーBOATRACE杯,4,4396,大田 直弥,3,40,53.2,0,0,0.2,4.52,22.22,35.35,5.05,31.58,42.11,31.72,47.59,24.79,43.59
2026-10-02,22,10,2026-10-02 15:37:00,5,マンスリーBOATRACE杯,5,3964,宮地 博士,3,47,53.5,0,0,0.2,3.66,10.64,27.66,0,0,0,40,60,33.61,52.94
2026-10-02,22,10,2026-10-02 15:37:00,5,マンスリーBOATRACE杯,6,4184,渡邊 雄一郎,1,40,52.2,0,0,0.17,7.17,55.43,73.91,6.93,58.62,68.97,40,64,16.83,37.62
2026-10-02,22,11,2026-10-02 16:02:00,5,マンスリーBOATRACE杯,1,5016,宮田 龍馬,1,28,51.5,0,0,0.14,7.06,45.83,73.96,5.5,34.78,47.83,37.59,54.89,38.94,57.52
2026-10-02,22,11,2026-10-02 16:02:00,5,マンスリーBOATRACE杯,2,4311,岡村 仁,1,42,55.1,1,0,0.15,6.11,46.24,58.06,6.06,45.45,66.67,35.97,51.8,23.93,40.17
2026-10-02,22,11,2026-10-02 16:02:00,5,マンスリーBOATRACE杯,3,4220,深川 和仁,3,44,54.7,1,0,0.18,5.58,38.89,48.89,4.81,25.93,40.74,34.55,51.82,31.15,47.54
2026-10-02,22,11,2026-10-02 16:02:00,5,マンスリーBOATRACE杯,4,4902,山川 雄大,3,33,52,0,0,0.2,4.38,30.61,40.82,4.64,32.14,53.57,28.79,46.97,21.01,36.13
2026-10-02,22,11,2026-10-02 16:02:00,5,マンスリーBOATRACE杯,5,4788,小池 哲也,2,37,53.2,0,0,0.16,5.51,33.33,54.29,5.42,32.26,54.84,36.62,56.34,27.83,42.61
2026-10-02,22,11,2026-10-02 16:02:00,5,マンスリーBOATRACE杯,6,4816,村松 修二,2,35,55.2,0,0,0.16,5.64,40,57.39,6.64,36.36,72.73,38.82,54.61,34.48,49.14
2026-10-02,22,12,2026-10-02 16:31:00,5,マンスリーBOATRACE杯,1,5068,前田 滉,1,26,51,0,0,0.14,7.97,67.59,84.26,7.2,50,70,26.57,46.85,23.21,34.82
2026-10-02,22,12,2026-10-02 16:31:00,5,マンスリーBOATRACE杯,2,4441,末永 由楽,2,40,52.5,0,0,0.14,5.96,38.79,57.76,6.09,45.45,63.64,26.13,34.23,41.53,59.32
2026-10-02,22,12,2026-10-02 16:31:00,5,マンスリーBOATRACE杯,3,4227,安達 裕樹,2,43,52.3,1,0,0.16,5.77,30.77,50.55,6.37,42.11,57.89,42.07,57.93,46.61,64.41
2026-10-02,22,12,2026-10-02 16:31:00,5,マンスリーBOATRACE杯,4,5121,定松 勇樹,1,25,52,1,0,0.13,7.32,46.67,62.67,7.38,75,75,34.35,51.91,44.07,62.71
2026-10-02,22,12,2026-10-02 16:31:00,5,マンスリーBOATRACE杯,5,3711,江本 真治,2,52,52.9,1,0,0.15,5.8,35.92,60.19,6.27,36.36,72.73,36.51,60.32,27.83,40.87
2026-10-02,22,12,2026-10-02 16:31:00,5,マンスリーBOATRACE杯,6,5009,大賀 龍之介,2,29,54.4,1,0,0.16,4.78,28.77,43.84,4.98,38.33,48.33,36.11,58.33,41.38,52.59
2026-10-02,23,1,2026-10-02 08:43:00,5,日刊スポーツ杯,1,4174,赤坂 俊輔,1,43,51.5,0,0,0.15,6.44,44.36,66.17,7.04,48.15,74.07,0,0,36,54.4
2026-10-02,23,1,2026-10-02 08:43:00,5,日刊スポーツ杯,2,5039,倉田 茂将,3,28,55.1,1,0,0.16,4.09,19.79,33.33,0,0,0,0,0,34.71,54.55
2026-10-02,23,1,2026-10-02 08:43:00,5,日刊スポーツ杯,3,3771,折下 寛法,3,52,50.5,0,0,0.15,5.26,27.93,49.55,3.71,0,42.86,0,0,40.94,62.99
2026-10-02,23,1,2026-10-02 08:43:00,5,日刊スポーツ杯,4,5014,梶山 涼斗,3,28,52.9,1,0,0.14,4.24,24.29,38.57,5.03,27.85,48.1,55.56,66.67,41.22,58.02
2026-10-02,23,1,2026-10-02 08:43:00,5,日刊スポーツ杯,5,5248,本田 愛,3,24,46.5,0,0,0.2,5.26,34.65,56.44,3.67,0,11.11,20,60,35.34,44.83
2026-10-02,23,1,2026-10-02 08:43:00,5,日刊スポーツ杯,6,5423,高橋 嗣穏,4,24,51,2,0,0.22,1.25,0,0,1.33,0,0,44.44,66.67,30.4,48
2026-10-02,23,2,2026-10-02 09:09:00,5,日刊スポーツ杯,1,5106,山崎 祥,2,27,52,0,0,0.19,5.53,35.45,56.36,3.87,26.67,33.33,0,0,22.76,34.15
2026-10-02,23,2,2026-10-02 09:09:00,5,日刊スポーツ杯,2,4472,尾嶋 一広,1,39,54.9,0,0,0.16,6.57,46.15,64.96,0,0,0,0,0,24.14,38.79
2026-10-02,23,2,2026-10-02 09:09:00,5,日刊スポーツ杯,3,4747,山戸 信二,3,41,51.5,0,0,0.17,3.45,13.64,25.76,3.55,10,30,44.44,44.44,35.54,50.41
2026-10-02,23,2,2026-10-02 09:09:00,5,日刊スポーツ杯,4,5204,宇恵 有香,4,29,46.5,0,0,0.18,4.75,24,46,2.25,0,0,0,0,33.87,54.84
2026-10-02,23,2,2026-10-02 09:09:00,5,日刊スポーツ杯,5,4119,泥谷 一毅,3,45,52.5,0,0,0.19,6,39.66,62.07,6.97,58.82,79.41,25,50,33.06,45.45
2026-10-02,23,2,2026-10-02 09:09:00,5,日刊スポーツ杯,6,4417,服部 剛,3,39,52.9,0,0,0.2,5.21,33.33,51.28,5.21,33.33,45.45,22.22,55.56,34.45,48.74
2026-10-02,23,3,2026-10-02 09:35:00,5,日刊スポーツ杯,1,4011,堀之内 紀代子,2,47,46.5,1,0,0.16,6.48,48.84,65.12,5.56,33.33,58.33,11.11,33.33,38.21,56.1
2026-10-02,23,3,2026-10-02 09:35:00,5,日刊スポーツ杯,2,3212,亀本 勇樹,3,64,58.5,1,0,0.18,4.56,21.88,35.42,5.38,38.1,61.9,25,50,30.65,47.58
2026-10-02,23,3,2026-10-02 09:35:00,5,日刊スポーツ杯,3,4733,赤井 睦,3,37,47.7,0,0,0.15,5.51,38.36,54.79,5.89,42.22,60,22.22,44.44,36.29,51.61
2026-10-02,23,3,2026-10-02 09:35:00,5,日刊スポーツ杯,4,4782,浜崎 準也,3,39,52,1,0,0.18,4.67,22.73,43.18,4.44,24,40,0,0,37.01,54.33
2026-10-02,23,3,2026-10-02 09:35:00,5,日刊スポーツ杯,5,4072,森永 淳,1,45,52,0,0,0.13,7.16,56.52,71.3,6.82,56.49,66.23,0,0,24,41.6
2026-10-02,23,3,2026-10-02 09:35:00,5,日刊スポーツ杯,6,4948,木場 悠介,3,33,52,0,0,0.15,5.63,39.22,51.96,5.24,35.29,47.06,0,0,34.65,48.03
2026-10-02,23,4,2026-10-02 10:01:00,5,日刊スポーツ杯,1,5297,南 彩寧,3,24,45.5,0,0,0.22,3.74,17.82,28.71,2.15,5,15,0,0,23.48,38.26
2026-10-02,23,4,2026-10-02 10:01:00,5,日刊スポーツ杯,2,4112,大久保 信一郎,2,46,52,1,0,0.17,5.65,40.78,55.34,5.87,42.39,61.96,88.89,88.89,32.28,39.37
2026-10-02,23,4,2026-10-02 10:01:00,5,日刊スポーツ杯,3,4389,伊藤 喜智,2,41,52.2,0,0,0.18,5.44,30.7,57.89,7.14,57.14,85.71,0,0,33.33,49.55
2026-10-02,23,4,2026-10-02 10:01:00,5,日刊スポーツ杯,4,4000,松本 博昭,2,49,55.5,0,0,0.17,6.02,42.28,62.42,5.94,43.75,50,50,50,31.45,47.58
2026-10-02,23,4,2026-10-02 10:01:00,5,日刊スポーツ杯,5,4229,市川 美宏,3,43,53.6,0,0,0.19,4.39,19.32,43.18,2.67,0,33.33,0,0,21.6,32.8
2026-10-02,23,4,2026-10-02 10:01:00,5,日刊スポーツ杯,6,3175,渡辺 千草,3,62,47.3,1,0,0.17,4.66,25,46.74,0,0,0,0,0,43.75,60.94
2026-10-02,23,5,2026-10-02 10:28:00,5,日刊スポーツ杯,1,4543,重木 輝彦,1,38,51.5,1,0,0.17,6.52,45.76,64.41,6.5,50,75,0,0,41.41,51.56
2026-10-02,23,5,2026-10-02 10:28:00,5,日刊スポーツ杯,2,4866,橋本 英一,3,36,53.8,0,0,0.17,4.39,20.45,39.77,4.78,27.78,44.44,12.5,25,40.98,64.75
2026-10-02,23,5,2026-10-02 10:28:00,5,日刊スポーツ杯,3,5039,倉田 茂将,3,28,55.1,1,0,0.16,4.09,19.79,33.33,0,0,0,0,0,34.71,54.55
2026-10-02,23,5,2026-10-02 10:28:00,5,日刊スポーツ杯,4,4764,小池 礼乃,3,36,46,1,0,0.16,5.18,36.25,52.5,5.63,42.86,54.29,0,0,27.5,47.5
2026-10-02,23,5,2026-10-02 10:28:00,5,日刊スポーツ杯,5,4359,横川 聖志,2,42,56.9,1,0,0.13,5.29,35.24,53.33,6.37,42.11,73.68,0,25,20.51,35.04
2026-10-02,23,5,2026-10-02 10:28:00,5,日刊スポーツ杯,6,4172,森定 晃史,2,43,52,0,0,0.17,5.94,39.84,64.06,5.87,50,56.67,44.44,55.56,26.36,46.51
2026-10-02,23,6,2026-10-02 10:57:00,5,日刊スポーツ杯,1,5324,畑田 希咲,3,23,48.1,0,0,0.21,3.1,5.13,15.38,1,0,0,0,0,29.37,54.76
2026-10-02,23,6,2026-10-02 10:57:00,5,日刊スポーツ杯,2,4108,吉村 正明,1,46,50.5,0,0,0.14,5.94,43.14,56.86,7.15,56.52,73.91,0,0,26.27,45.76
2026-10-02,23,6,2026-10-02 10:57:00,5,日刊スポーツ杯,3,4575,戸塚 邦好,2,38,52,0,0,0.16,5.99,42.98,57.02,6.57,42.86,71.43,55.56,66.67,42.97,56.25
2026-10-02,23,6,2026-10-02 10:57:00,5,日刊スポーツ杯,4,4121,富永 修一,2,44,52.2,0,0,0.14,5.96,44.44,57.58,6.13,46.15,56.41,0,0,36.51,55.56
2026-10-02,23,6,2026-10-02 10:57:00,5,日刊スポーツ杯,5,5110,杉山 喜一,3,27,51.5,0,0,0.15,4.88,29.63,45.68,2.17,0,16.67,25,37.5,34.45,55.46
2026-10-02,23,6,2026-10-02 10:57:00,5,日刊スポーツ杯,6,5429,吉川 颯汰,4,23,55.1,0,0,0.22,1.2,0,1.64,1.07,0,0,22.22,22.22,37.17,47.79
2026-10-02,23,7,2026-10-02 11:33:00,5,日刊スポーツ杯,1,4747,山戸 信二,3,41,51.5,0,0,0.17,3.45,13.64,25.76,3.55,10,30,44.44,44.44,35.54,50.41
2026-10-02,23,7,2026-10-02 11:33:00,5,日刊スポーツ杯,2,4154,森安 弘雅,3,46,52.4,0,0,0.2,5.24,36.94,53.15,5.05,40,55,22.22,66.67,38.4,54.4
2026-10-02,23,7,2026-10-02 11:33:00,5,日刊スポーツ杯,3,3319,山崎 義明,2,59,52,0,0,0.16,5.74,38.06,61.19,5.82,47.06,52.94,0,0,31.9,52.59
2026-10-02,23,7,2026-10-02 11:33:00,5,日刊スポーツ杯,4,3918,深井 利寿,1,52,51,0,0,0.18,6.75,44.35,74.19,6.21,46.43,57.14,0,0,31.75,55.56
2026-10-02,23,7,2026-10-02 11:33:00,5,日刊スポーツ杯,5,4989,石原 翼,2,29,52,1,0,0.15,5.8,38.46,54.81,6.4,45,60,50,62.5,37.9,62.1
2026-10-02,23,7,2026-10-02 11:33:00,5,日刊スポーツ杯,6,5248,本田 愛,3,24,46.5,0,0,0.2,5.26,34.65,56.44,3.67,0,11.11,20,60,35.34,44.83
2026-10-02,23,8,2026-10-02 12:04:00,5,日刊スポーツ杯,1,4253,西川 真人,3,43,55.8,0,0,0.18,4.34,19.13,40,3.79,20.83,29.17,0,28.57,29.27,42.28
2026-10-02,23,8,2026-10-02 12:04:00,5,日刊スポーツ杯,2,4948,木場 悠介,3,33,52,0,0,0.15,5.63,39.22,51.96,5.24,35.29,47.06,0,0,34.65,48.03
2026-10-02,23,8,2026-10-02 12:04:00,5,日刊スポーツ杯,3,4119,泥谷 一毅,3,45,52.5,0,0,0.19,6,39.66,62.07,6.97,58.82,79.41,25,50,33.06,45.45
2026-10-02,23,8,2026-10-02 12:04:00,5,日刊スポーツ杯,4,3983,須藤 博倫,1,48,52,0,0,0.15,6.53,44.78,65.67,5.5,37.5,62.5,44.44,55.56,40.87,61.74
2026-10-02,23,8,2026-10-02 12:04:00,5,日刊スポーツ杯,5,5297,南 彩寧,3,24,45.5,0,0,0.22,3.74,17.82,28.71,2.15,5,15,0,0,23.48,38.26
2026-10-02,23,8,2026-10-02 12:04:00,5,日刊スポーツ杯,6,4638,小林 遼太,3,35,52,0,0,0.18,5.39,36.89,57.28,4.71,28.57,28.57,20,60,36.07,50
2026-10-02,23,9,2026-10-02 12:36:00,5,日刊スポーツ杯,1,5407,中岡 駿,3,21,52.6,1,0,0.19,2.55,8.99,13.48,2,0,11.11,33.33,66.67,34.96,54.47
2026-10-02,23,9,2026-10-02 12:36:00,5,日刊スポーツ杯,2,4359,横川 聖志,2,42,56.9,1,0,0.13,5.29,35.24,53.33,6.37,42.11,73.68,0,25,20.51,35.04
2026-10-02,23,9,2026-10-02 12:36:00,5,日刊スポーツ杯,3,4782,浜崎 準也,3,39,52,1,0,0.18,4.67,22.73,43.18,4.44,24,40,0,0,37.01,54.33
2026-10-02,23,9,2026-10-02 12:36:00,5,日刊スポーツ杯,4,4483,北野 輝季,1,37,52.9,0,0,0.15,6.83,52.94,67.65,6.5,47.06,55.88,22.22,44.44,26.85,41.67
2026-10-02,23,9,2026-10-02 12:36:00,5,日刊スポーツ杯,5,4112,大久保 信一郎,2,46,52,1,0,0.17,5.65,40.78,55.34,5.87,42.39,61.96,88.89,88.89,32.28,39.37
2026-10-02,23,9,2026-10-02 12:36:00,5,日刊スポーツ杯,6,3771,折下 寛法,3,52,50.5,0,0,0.15,5.26,27.93,49.55,3.71,0,42.86,0,0,40.94,62.99
2026-10-02,23,10,2026-10-02 13:09:00,5,日刊スポーツ杯,1,5014,梶山 涼斗,3,28,52.9,1,0,0.14,4.24,24.29,38.57,5.03,27.85,48.1,55.56,66.67,41.22,58.02
2026-10-02,23,10,2026-10-02 13:09:00,5,日刊スポーツ杯,2,4733,赤井 睦,3,37,47.7,0,0,0.15,5.51,38.36,54.79,5.89,42.22,60,22.22,44.44,36.29,51.61
2026-10-02,23,10,2026-10-02 13:09:00,5,日刊スポーツ杯,3,3853,岩崎 正哉,2,54,53.2,0,0,0.2,5.93,38.21,54.47,5.21,35.29,50,0,33.33,36.59,53.66
2026-10-02,23,10,2026-10-02 13:09:00,5,日刊スポーツ杯,4,4472,尾嶋 一広,1,39,54.9,0,0,0.16,6.57,46.15,64.96,0,0,0,0,0,24.14,38.79
2026-10-02,23,10,2026-10-02 13:09:00,5,日刊スポーツ杯,5,4108,吉村 正明,1,46,50.5,0,0,0.14,5.94,43.14,56.86,7.15,56.52,73.91,0,0,26.27,45.76
2026-10-02,23,10,2026-10-02 13:09:00,5,日刊スポーツ杯,6,4866,橋本 英一,3,36,53.8,0,0,0.17,4.39,20.45,39.77,4.78,27.78,44.44,12.5,25,40.98,64.75
2026-10-02,23,11,2026-10-02 13:42:00,5,日刊スポーツ杯,1,4000,松本 博昭,2,49,55.5,0,0,0.17,6.02,42.28,62.42,5.94,43.75,50,50,50,31.45,47.58
2026-10-02,23,11,2026-10-02 13:42:00,5,日刊スポーツ杯,2,4072,森永 淳,1,45,52,0,0,0.13,7.16,56.52,71.3,6.82,56.49,66.23,0,0,24,41.6
2026-10-02,23,11,2026-10-02 13:42:00,5,日刊スポーツ杯,3,4417,服部 剛,3,39,52.9,0,0,0.2,5.21,33.33,51.28,5.21,33.33,45.45,22.22,55.56,34.45,48.74
2026-10-02,23,11,2026-10-02 13:42:00,5,日刊スポーツ杯,4,4543,重木 輝彦,1,38,51.5,1,0,0.17,6.52,45.76,64.41,6.5,50,75,0,0,41.41,51.56
2026-10-02,23,11,2026-10-02 13:42:00,5,日刊スポーツ杯,5,4154,森安 弘雅,3,46,52.4,0,0,0.2,5.24,36.94,53.15,5.05,40,55,22.22,66.67,38.4,54.4
2026-10-02,23,11,2026-10-02 13:42:00,5,日刊スポーツ杯,6,3541,三嶌 誠司,2,58,52.2,0,0,0.17,6.36,45.83,68.33,6.47,46.88,62.5,0,0,28.57,46.83
2026-10-02,23,12,2026-10-02 14:22:00,5,日刊スポーツ杯,1,3983,須藤 博倫,1,48,52,0,0,0.15,6.53,44.78,65.67,5.5,37.5,62.5,44.44,55.56,40.87,61.74
2026-10-02,23,12,2026-10-02 14:22:00,5,日刊スポーツ杯,2,5106,山崎 祥,2,27,52,0,0,0.19,5.53,35.45,56.36,3.87,26.67,33.33,0,0,22.76,34.15
2026-10-02,23,12,2026-10-02 14:22:00,5,日刊スポーツ杯,3,4174,赤坂 俊輔,1,43,51.5,0,0,0.15,6.44,44.36,66.17,7.04,48.15,74.07,0,0,36,54.4
2026-10-02,23,12,2026-10-02 14:22:00,5,日刊スポーツ杯,4,4575,戸塚 邦好,2,38,52,0,0,0.16,5.99,42.98,57.02,6.57,42.86,71.43,55.56,66.67,42.97,56.25
2026-10-02,23,12,2026-10-02 14:22:00,5,日刊スポーツ杯,5,4011,堀之内 紀代子,2,47,46.5,1,0,0.16,6.48,48.84,65.12,5.56,33.33,58.33,11.11,33.33,38.21,56.1
2026-10-02,23,12,2026-10-02 14:22:00,5,日刊スポーツ杯,6,4389,伊藤 喜智,2,41,52.2,0,0,0.18,5.44,30.7,57.89,7.14,57.14,85.71,0,0,33.33,49.55
2026-10-02,24,1,2026-10-02 17:41:00,5,ミッドナイトボートレースin大村 10,1,5384,八戸 琉楓,4,21,52.6,0,0,0.22,1.73,1.09,4.35,1.5,0,1.61,15.28,30.56,33.33,54.17
2026-10-02,24,1,2026-10-02 17:41:00,5,ミッドナイトボートレースin大村 10,2,3827,今泉 徹,3,53,52,0,0,0.17,4.02,14.15,32.08,0,0,0,36.25,58.75,28.57,48.57
2026-10-02,24,1,2026-10-02 17:41:00,5,ミッドナイトボートレースin大村 10,3,3528,笠野 友紀恵,3,55,47.5,0,0,0.2,4.36,20,34.44,4.7,22.22,44.44,44.29,67.14,30.65,43.55
2026-10-02,24,1,2026-10-02 17:41:00,5,ミッドナイトボートレースin大村 10,4,5273,山下 拓巳,3,25,52,1,0,0.17,3.61,18.75,26.04,3.63,15.79,36.84,41.98,55.56,40,60
2026-10-02,24,1,2026-10-02 17:41:00,5,ミッドナイトボートレースin大村 10,5,4248,岡本 大,3,44,53.3,0,0,0.17,4.55,25,41,4.25,21.5,35.51,28,50.67,30,46.67
2026-10-02,24,1,2026-10-02 17:41:00,5,ミッドナイトボートレースin大村 10,6,5236,小宮 涼雅,3,27,52,0,0,0.17,4.5,24.07,41.67,2.79,12.12,18.18,39.74,55.13,29.73,44.59
2026-10-02,24,2,2026-10-02 18:08:00,5,ミッドナイトボートレースin大村 10,1,4408,仁科 さやか,3,40,47.7,0,0,0.19,3.66,20.83,28.13,4.49,30.14,42.47,25,41.67,28.33,45
2026-10-02,24,2,2026-10-02 18:08:00,5,ミッドナイトボートレースin大村 10,2,3842,星野 太郎,3,50,53.5,0,0,0.19,5.12,33.72,51.16,4.95,42.86,42.86,35.82,46.27,42.65,58.82
2026-10-02,24,2,2026-10-02 18:08:00,5,ミッドナイトボートレースin大村 10,3,4708,半田 尚也,3,37,54.1,1,0,0.18,4.43,21.33,38.67,4.44,22.22,33.33,43.9,58.54,26.98,44.44
2026-10-02,24,2,2026-10-02 18:08:00,5,ミッドナイトボートレースin大村 10,4,3930,岸本 隆,2,50,54.3,1,0,0.16,5.28,28.44,48.62,4.33,26.67,40,39.74,55.13,33.87,45.16
2026-10-02,24,2,2026-10-02 18:08:00,5,ミッドナイトボートレースin大村 10,5,3701,大西 隆洋,3,53,55,0,0,0.16,4.12,15.84,32.67,2.79,14.29,14.29,33.78,55.41,34.29,44.29
2026-10-02,24,2,2026-10-02 18:08:00,5,ミッドナイトボートレースin大村 10,6,5420,吉原 快誓,4,20,52.3,1,0,0.17,2.06,1.2,7.23,1.8,0,6.67,35.44,54.43,45.07,64.79
2026-10-02,24,3,2026-10-02 18:34:00,5,ミッドナイトボートレースin大村 10,1,5065,伊久間 陽優,2,28,52.5,1,0,0.12,5.37,36.59,48.78,6.45,54.55,72.73,30.88,45.59,16.36,36.36
2026-10-02,24,3,2026-10-02 18:34:00,5,ミッドナイトボートレースin大村 10,2,4339,平瀬 城啓,3,42,52.8,0,0,0.19,4,16.3,33.7,4.32,17.65,41.18,31.08,39.19,42.86,58.57
2026-10-02,24,3,2026-10-02 18:34:00,5,ミッドナイトボートレースin大村 10,3,4068,幸田 智裕,3,46,52.6,0,0,0.17,4.81,22.12,46.9,4.67,11.11,55.56,41.67,52.78,36.49,54.05
2026-10-02,24,3,2026-10-02 18:34:00,5,ミッドナイトボートレースin大村 10,4,4204,柴田 大輔,3,44,52,0,0,0.19,5.17,31.18,46.24,0,0,0,22.86,42.86,20,36.67
2026-10-02,24,3,2026-10-02 18:34:00,5,ミッドナイトボートレースin大村 10,5,3685,荒井 輝年,2,52,54.2,2,0,0.15,5.73,39.8,55.1,6.63,50,76.67,30.67,44,36.11,50
2026-10-02,24,3,2026-10-02 18:34:00,5,ミッドナイトボートレースin大村 10,6,5446,長嶺 真李愛,4,24,50.6,0,0,,1.23,0,0,0,0,0,18.84,36.23,37.5,56.94
2026-10-02,24,4,2026-10-02 19:03:00,5,ミッドナイトボートレースin大村 10,1,4004,山本 浩輔,3,48,51.5,0,0,0.18,4.88,27.66,42.55,4.85,24.17,45.83,37.84,48.65,22.64,28.3
2026-10-02,24,4,2026-10-02 19:03:00,5,ミッドナイトボートレースin大村 10,2,4555,富永 大一,3,37,53,0,0,0.18,5.27,31.62,52.99,5.41,24.14,55.17,45.83,66.67,14.55,21.82
2026-10-02,24,4,2026-10-02 19:03:00,5,ミッドナイトボートレースin大村 10,3,4431,石塚 裕介,3,40,52.3,0,0,0.18,4.88,33.72,44.19,4.84,36,44,32.35,48.53,30.51,57.63
2026-10-02,24,4,2026-10-02 19:03:00,5,ミッドナイトボートレースin大村 10,4,4520,高倉 孝太,2,39,51.5,1,0,0.13,5.71,35.09,53.51,4.3,30,30,19.18,34.25,32.79,47.54
2026-10-02,24,4,2026-10-02 19:03:00,5,ミッドナイトボートレースin大村 10,5,4680,後藤 美翼,2,36,47,0,0,0.21,5.69,36.36,58.68,6.4,50,70,29.11,44.3,43.06,48.61
2026-10-02,24,4,2026-10-02 19:03:00,5,ミッドナイトボートレースin大村 10,6,5037,田頭 虎親,3,28,51.5,0,0,0.18,5.8,44.79,59.38,5.41,31.82,59.09,31.51,36.99,37.5,52.78
2026-10-02,24,5,2026-10-02 19:30:00,5,ミッドナイトボートレースin大村 10,1,4248,岡本 大,3,44,53.3,0,0,0.17,4.55,25,41,4.25,21.5,35.51,28,50.67,30,46.67
2026-10-02,24,5,2026-10-02 19:30:00,5,ミッドナイトボートレースin大村 10,2,4918,川島 拓郎,3,37,52,1,0,0.16,4.26,23.86,36.36,5.33,33.33,50,36.99,52.05,22.41,44.83
2026-10-02,24,5,2026-10-02 19:30:00,5,ミッドナイトボートレースin大村 10,3,3509,池 千夏,3,54,49.2,0,0,0.15,3.32,6.82,21.59,4,28.57,28.57,32.88,54.79,25,48.33
2026-10-02,24,5,2026-10-02 19:30:00,5,ミッドナイトボートレースin大村 10,4,4171,榎 幸司,2,44,52,0,0,0.19,6.33,48.06,65.89,6.37,45.69,65.99,40,61.25,34.72,56.94
2026-10-02,24,5,2026-10-02 19:30:00,5,ミッドナイトボートレースin大村 10,5,3827,今泉 徹,3,53,52,0,0,0.17,4.02,14.15,32.08,0,0,0,36.25,58.75,28.57,48.57
2026-10-02,24,5,2026-10-02 19:30:00,5,ミッドナイトボートレースin大村 10,6,4442,松竹 大輔,3,40,52.6,1,0,0.16,6.47,51.09,64.13,4.74,29.03,41.94,31.65,53.16,34.25,42.47
2026-10-02,24,6,2026-10-02 19:56:00,5,ミッドナイトボートレースin大村 10,1,4057,松井 賢治,2,47,52.1,0,0,0.15,5.71,38.35,58.65,5.38,28.89,46.67,49.41,67.06,38.89,56.94
2026-10-02,24,6,2026-10-02 19:56:00,5,ミッドナイトボートレースin大村 10,2,3701,大西 隆洋,3,53,55,0,0,0.16,4.12,15.84,32.67,2.79,14.29,14.29,33.78,55.41,34.29,44.29
2026-10-02,24,6,2026-10-02 19:56:00,5,ミッドナイトボートレースin大村 10,3,4421,森作 広大,3,38,55.5,0,0,0.19,3.43,11.43,25.71,3.9,14.29,23.81,52,70.67,33.33,53.33
2026-10-02,24,6,2026-10-02 19:56:00,5,ミッドナイトボートレースin大村 10,4,5420,吉原 快誓,4,20,52.3,1,0,0.17,2.06,1.2,7.23,1.8,0,6.67,35.44,54.43,45.07,64.79
2026-10-02,24,6,2026-10-02 19:56:00,5,ミッドナイトボートレースin大村 10,5,5236,小宮 涼雅,3,27,52,0,0,0.17,4.5,24.07,41.67,2.79,12.12,18.18,39.74,55.13,29.73,44.59
2026-10-02,24,6,2026-10-02 19:56:00,5,ミッドナイトボートレースin大村 10,6,4666,日笠 勝弘,3,42,52,0,0,0.16,4.21,22.47,34.83,4.47,21.88,46.88,28.57,50,31.51,47.95
2026-10-02,24,7,2026-10-02 20:25:00,5,ミッドナイトボートレースin大村 10,1,4452,松尾 祭,2,38,52,0,0,0.17,5.15,33.07,47.24,4.86,33.33,42.86,43.42,65.79,25.81,37.1
2026-10-02,24,7,2026-10-02 20:25:00,5,ミッドナイトボートレースin大村 10,2,3685,荒井 輝年,2,52,54.2,2,0,0.15,5.73,39.8,55.1,6.63,50,76.67,30.67,44,36.11,50
2026-10-02,24,7,2026-10-02 20:25:00,5,ミッドナイトボートレースin大村 10,3,5384,八戸 琉楓,4,21,52.6,0,0,0.22,1.73,1.09,4.35,1.5,0,1.61,15.28,30.56,33.33,54.17
2026-10-02,24,7,2026-10-02 20:25:00,5,ミッドナイトボートレースin大村 10,4,4708,半田 尚也,3,37,54.1,1,0,0.18,4.43,21.33,38.67,4.44,22.22,33.33,43.9,58.54,26.98,44.44
2026-10-02,24,7,2026-10-02 20:25:00,5,ミッドナイトボートレースin大村 10,5,3842,星野 太郎,3,50,53.5,0,0,0.19,5.12,33.72,51.16,4.95,42.86,42.86,35.82,46.27,42.65,58.82
2026-10-02,24,7,2026-10-02 20:25:00,5,ミッドナイトボートレースin大村 10,6,4384,鶴本 崇文,1,41,53.6,1,0,0.16,5.6,36.75,57.26,6.58,41.67,83.33,47.22,59.72,42.25,59.15
2026-10-02,24,8,2026-10-02 20:59:00,5,ミッドナイトボートレースin大村 10,1,4817,渡邉 翼,1,35,51,0,0,0.15,6.24,49.44,62.92,5.39,34.69,55.1,41.03,56.41,22.41,32.76
2026-10-02,24,8,2026-10-02 20:59:00,5,ミッドナイトボートレースin大村 10,2,4431,石塚 裕介,3,40,52.3,0,0,0.18,4.88,33.72,44.19,4.84,36,44,32.35,48.53,30.51,57.63
2026-10-02,24,8,2026-10-02 20:59:00,5,ミッドナイトボートレースin大村 10,3,4204,柴田 大輔,3,44,52,0,0,0.19,5.17,31.18,46.24,0,0,0,22.86,42.86,20,36.67
2026-10-02,24,8,2026-10-02 20:59:00,5,ミッドナイトボートレースin大村 10,4,5037,田頭 虎親,3,28,51.5,0,0,0.18,5.8,44.79,59.38,5.41,31.82,59.09,31.51,36.99,37.5,52.78
2026-10-02,24,8,2026-10-02 20:59:00,5,ミッドナイトボートレースin大村 10,5,3930,岸本 隆,2,50,54.3,1,0,0.16,5.28,28.44,48.62,4.33,26.67,40,39.74,55.13,33.87,45.16
2026-10-02,24,8,2026-10-02 20:59:00,5,ミッドナイトボートレースin大村 10,6,5065,伊久間 陽優,2,28,52.5,1,0,0.12,5.37,36.59,48.78,6.45,54.55,72.73,30.88,45.59,16.36,36.36
2026-10-02,24,9,2026-10-02 21:25:00,5,ミッドナイトボートレースin大村 10,1,4680,後藤 美翼,2,36,47,0,0,0.21,5.69,36.36,58.68,6.4,50,70,29.11,44.3,43.06,48.61
2026-10-02,24,9,2026-10-02 21:25:00,5,ミッドナイトボートレースin大村 10,2,3509,池 千夏,3,54,49.2,0,0,0.15,3.32,6.82,21.59,4,28.57,28.57,32.88,54.79,25,48.33
2026-10-02,24,9,2026-10-02 21:25:00,5,ミッドナイトボートレースin大村 10,3,4408,仁科 さやか,3,40,47.7,0,0,0.19,3.66,20.83,28.13,4.49,30.14,42.47,25,41.67,28.33,45
2026-10-02,24,9,2026-10-02 21:25:00,5,ミッドナイトボートレースin大村 10,4,3528,笠野 友紀恵,3,55,47.5,0,0,0.2,4.36,20,34.44,4.7,22.22,44.44,44.29,67.14,30.65,43.55
2026-10-02,24,9,2026-10-02 21:25:00,5,ミッドナイトボートレースin大村 10,5,5446,長嶺 真李愛,4,24,50.6,0,0,,1.23,0,0,0,0,0,18.84,36.23,37.5,56.94
2026-10-02,24,9,2026-10-02 21:25:00,5,ミッドナイトボートレースin大村 10,6,5192,中尾 優香,3,25,47.3,2,0,0.18,4.42,25,45.31,4.76,32.35,47.06,15.94,37.68,25,50
2026-10-02,24,10,2026-10-02 21:51:00,5,ミッドナイトボートレースin大村 10,1,4666,日笠 勝弘,3,42,52,0,0,0.16,4.21,22.47,34.83,4.47,21.88,46.88,28.57,50,31.51,47.95
2026-10-02,24,10,2026-10-02 21:51:00,5,ミッドナイトボートレースin大村 10,2,5273,山下 拓巳,3,25,52,1,0,0.17,3.61,18.75,26.04,3.63,15.79,36.84,41.98,55.56,40,60
2026-10-02,24,10,2026-10-02 21:51:00,5,ミッドナイトボートレースin大村 10,3,4171,榎 幸司,2,44,52,0,0,0.19,6.33,48.06,65.89,6.37,45.69,65.99,40,61.25,34.72,56.94
2026-10-02,24,10,2026-10-02 21:51:00,5,ミッドナイトボートレースin大村 10,4,4057,松井 賢治,2,47,52.1,0,0,0.15,5.71,38.35,58.65,5.38,28.89,46.67,49.41,67.06,38.89,56.94
2026-10-02,24,10,2026-10-02 21:51:00,5,ミッドナイトボートレースin大村 10,5,4918,川島 拓郎,3,37,52,1,0,0.16,4.26,23.86,36.36,5.33,33.33,50,36.99,52.05,22.41,44.83
2026-10-02,24,10,2026-10-02 21:51:00,5,ミッドナイトボートレースin大村 10,6,4004,山本 浩輔,3,48,51.5,0,0,0.18,4.88,27.66,42.55,4.85,24.17,45.83,37.84,48.65,22.64,28.3
2026-10-02,24,11,2026-10-02 22:20:00,5,ミッドナイトボートレースin大村 10,1,4793,金子 萌,2,36,52,0,0,0.14,6.43,48.8,64,6.59,58.82,70.59,26.76,43.66,40.28,50
2026-10-02,24,11,2026-10-02 22:20:00,5,ミッドナイトボートレースin大村 10,2,5054,佐々木 大河,1,30,52.3,0,0,0.14,6.71,58.54,69.51,6.67,44.44,88.89,42.65,57.35,33.33,52.78
2026-10-02,24,11,2026-10-02 22:20:00,5,ミッドナイトボートレースin大村 10,3,4302,西野 翔太,1,43,52.3,0,0,0.15,6.62,51.56,69.53,6.95,61.4,71.93,22.86,34.29,18.18,29.09
2026-10-02,24,11,2026-10-02 22:20:00,5,ミッドナイトボートレースin大村 10,4,4601,森野 正弘,1,41,54.8,0,0,0.13,7.11,59.38,75,6.71,42.86,66.67,26.09,43.48,27.87,42.62
2026-10-02,24,11,2026-10-02 22:20:00,5,ミッドナイトボートレースin大村 10,5,4470,平田 健之佑,2,39,52,0,0,0.15,6.49,50.52,65.98,6.05,31.58,57.89,36.99,49.32,38.36,50.68
2026-10-02,24,11,2026-10-02 22:20:00,5,ミッドナイトボートレースin大村 10,6,4264,長尾 章平,1,41,53.6,1,0,0.16,6.02,42.74,63.25,6.11,50,60.71,27.71,45.78,25,36.67
2026-10-02,24,12,2026-10-02 22:45:00,5,ミッドナイトボートレースin大村 10,1,4442,松竹 大輔,3,40,52.6,1,0,0.16,6.47,51.09,64.13,4.74,29.03,41.94,31.65,53.16,34.25,42.47
2026-10-02,24,12,2026-10-02 22:45:00,5,ミッドナイトボートレースin大村 10,2,4068,幸田 智裕,3,46,52.6,0,0,0.17,4.81,22.12,46.9,4.67,11.11,55.56,41.67,52.78,36.49,54.05
2026-10-02,24,12,2026-10-02 22:45:00,5,ミッドナイトボートレースin大村 10,3,4555,富永 大一,3,37,53,0,0,0.18,5.27,31.62,52.99,5.41,24.14,55.17,45.83,66.67,14.55,21.82
2026-10-02,24,12,2026-10-02 22:45:00,5,ミッドナイトボートレースin大村 10,4,4452,松尾 祭,2,38,52,0,0,0.17,5.15,33.07,47.24,4.86,33.33,42.86,43.42,65.79,25.81,37.1
2026-10-02,24,12,2026-10-02 22:45:00,5,ミッドナイトボートレースin大村 10,5,4817,渡邉 翼,1,35,51,0,0,0.15,6.24,49.44,62.92,5.39,34.69,55.1,41.03,56.41,22.41,32.76
2026-10-02,24,12,2026-10-02 22:45:00,5,ミッドナイトボートレースin大村 10,6,4520,高倉 孝太,2,39,51.5,1,0,0.13,5.71,35.09,53.51,4.3,30,30,19.18,34.25,32.79,47.54
